6
11
11
13
14
15
16
18
21
22
23
27
27
30
31
35
35
36
47
53
54
59
66
75
76
79
84
85
89
90
95
95
100
100
101
101
104
105
109
109
110
116
116
117
118
120
120
120
120
123
125
126
128
130
133
135
137
137
141
142
143
145
147
147
149
156
158
159
161
165
165
170
171
173
174
174
175
186
186
188
189
190
192
193
194
200
205
206
206
209
209
212
215
220
221
221
221
224
225
230
230
231
231
232
237
237
238
241
244
247
249
250
252
257
258
259
259
259
260
260
261
270
271
273
274
276
276
277
279
284
286
286
287
289
289
291
292
294
296
302
303
305
306
307
309
310
312
313
315
320
321
322
323
325
325
325
326
327
327
327
330
331
333
334
335
342
342
343
344
344
345
346
348
349
351
354
359
360
360
363
363
370
370
372
372
377
377
378
379
384
384
385
390
390
393
395
401
401
405
406
406
407
408
408
419
421
423
423
428
430
432
434
435
436
439
439
439
449
450
451
452
452
455
456
460
460
460
461
462
463
466
470
470
471
472
472
475
477
477
480
480
482
485
486
487
489
492
493
495
495
497
500
501
504
504
510
512
515
516
516
517
522
525
527
529
534
536
536
538
540
540
541
541
546
553
554
555
556
557
557
561
561
561
562
563
565
565
565
567
569
573
573
574
581
581
583
584
587
588
594
600
604
609
610
610
612
613
614
618
628
629
629
630
631
631
633
638
639
641
643
644
645
646
646
646
649
650
654
654
656
657
659
660
663
667
667
669
669
671
671
673
673
677
679
681
687
689
691
692
694
696
697
698
698
701
702
703
705
708
710
718
720
721
723
724
729
731
733
733
734
735
744
745
745
746
749
750
752
754
755
755
758
758
762
765
766
769
777
782
783
786
788
790
790
791
792
794
795
798
799
802
803
803
803
807
811
815
815
815
815
815
816
820
820
821
822
823
829
830
832
834
836
836
836
836
837
840
840
840
841
841
848
849
849
851
852
852
853
855
858
860
863
866
870
873
881
881
888
890
892
893
894
900
903
906
909
911
911
911
913
915
915
919
922
924
924
925
926
928
931
932
932
934
937
943
947
953
953
957
962
966
966
968
971
973
976
979
980
980
980
983
985
987
989
989
990
992
992
992
997
999
1003
1005
1006
1006
1007
1008
1011
1011
1015
1017
1017
1020
1023
1026
1031
1037
1038
1042
1046
1047
1048
1049
1049
1050
1051
1051
1053
1057
1058
1058
1058
1060
1061
1063
1063
1064
1066
1073
1074
1078
1080
1081
1081
1085
1087
1088
1089
1091
1092
1093
1095
1095
1097
1099
1101
1106
1106
1106
1107
1107
1110
1111
1115
1119
1120
1124
1125
1128
1129
1131
1134
1138
1139
1140
1141
1142
1143
1146
1148
1149
1152
1152
1152
1154
1156
1158
1160
1164
1165
1166
1167
1168
1171
1176
1181
1181
1185
1187
1190
1190
1191
1192
1199
1200
1203
1203
1207
1209
1209
1210
1212
1214
1216
1218
1223
1223
1226
1229
1230
1236
1237
1238
1240
1240
1243
1250
1252
1255
1255
1257
1258
1262
1266
1267
1269
1270
1270
1277
1281
1283
1284
1284
1286
1287
1287
1288
1289
1290
1290
1290
1291
1291
1292
1294
1297
1300
1305
1307
1307
1309
1309
1311
1312
1312
1313
1314
1315
1316
1316
1318
1318
1321
1322
1324
1325
1328
1328
1330
1331
1334
1336
1338
1339
1340
1340
1341
1342
1347
1350
1351
1351
1353
1356
1359
1359
1361
1365
1366
1371
1375
1377
1378
1380
1384
1388
1393
1395
1395
1397
1405
1406
1406
1408
1408
1411
1411
1412
1414
1414
1417
1419
1421
1424
1429
1429
1430
1433
1433
1434
1436
1443
1445
1446
1461
1462
1462
1464
1466
1468
1470
1470
1476
1477
1478
1480
1483
1483
1484
1484
1485
1485
1486
1488
1491
1492
1509
1509
1509
1513
1513
1518
1519
1519
1528
1532
1533
1533
1535
1535
1538
1540
1544
1549
1550
1555
1559
1562
1564
1566
1570
1575
1575
1575
1576
1577
1578
1578
1579
1580
1582
1587
1587
1587
1588
1589
1589
1590
1590
1590
1591
1592
1595
1596
1597
1597
1598
1598
1602
1602
1604
1604
1606
1609
1616
1617
1617
1619
1621
1624
1626
1626
1629
1631
1632
1636
1637
1644
1645
1646
1649
1656
1657
1660
1661
1664
1667
1671
1672
1674
1675
1678
1680
1682
1688
1691
1692
1694
1695
1695
1697
1700
1703
1704
1711
1713
1715
1720
1723
1723
1724
1727
1732
1732
1736
1737
1737
1742
1743
1745
1746
1749
1758
1762
1764
1765
1775
1775
1776
1778
1780
1787
1787
1788
1792
1794
1796
1797
1800
1800
1801
1804
1805
1808
1816
1820
1823
1825
1827
1829
1831
1839
1846
1848
1849
1850
1851
1851
1852
1853
1853
1854
1855
1856
1856
1858
1859
1865
1865
1866
1866
1867
1868
1871
1872
1873
1874
1874
1876
1877
1878
1880
1881
1885
1885
1891
1891
1892
1892
1892
1894
1896
1897
1897
1897
1898
1899
1899
1901
1902
1903
1905
1906
1907
1910
1910
1911
1913
1914
1915
1919
1922
1927
1928
1928
1936
1936
1938
1939
1943
1943
1944
1950
1953
1963
1964
1964
1970
1972
1973
1973
1975
1980
1983
1985
1986
1991
1992
1998
1999
1999
2002
2002
2002
2003
2003
2006
2008
2012
2012
2013
2014
2016
2016
2019
2023
2027
2028
2030
2032
2037
2039
2042
2043
2043
2044
2048
2049
2050
2055
2056
2059
2060
2060
2062
2069
2071
2073
2073
2073
2079
2079
2080
2081
2082
2083
2086
2089
2090
2092
2092
2096
2096
2099
2101
2103
2104
2104
2106
2106
2108
2109
2110
2110
2111
2113
2114
2123
2123
2124
2126
2127
2128
2130
2131
2131
2134
2135
2136
2137
2137
2143
2146
2152
2153
2153
2153
2155
2159
2160
2164
2167
2168
2169
2172
2175
2175
2177
2177
2181
2181
2187
2192
2195
2198
2198
2199
2199
2204
2206
2210
2216
2221
2222
2225
2226
2230
2231
2232
2232
2236
2239
2242
2243
2250
2252
2258
2258
2262
2265
2265
2266
2266
2271
2276
2278
2280
2283
2283
2283
2284
2285
2288
2288
2289
2291
2293
2295
2296
2296
2297
2298
2299
2299
2304
2304
2305
2305
2306
2306
2307
2310
2312
2320
2320
2321
2324
2332
2335
2336
2344
2351
2352
2353
2353
2360
2362
2362
2363
2365
2367
2367
2367
2370
2374
2374
2375
2376
2376
2377
2380
2382
2382
2384
2389
2392
2392
2395
2395
2406
2409
2411
2413
2416
2417
2420
2424
2425
2428
2432
2432
2433
2434
2440
2442
2443
2444
2449
2449
2450
2452
2459
2460
2462
2462
2463
2464
2468
2472
2472
2474
2475
2477
2485
2486
2489
2495
2495
2497
2501
2504
2506
2510
2510
2511
2512
2516
2517
2518
2518
2520
2521
2524
2533
2539
2540
2543
2544
2545
2548
2551
2554
2555
2556
2561
2562
2563
2570
2571
2574
2574
2581
2582
2586
2587
2593
2593
2593
2597
2599
2605
2613
2613
2613
2616
2616
2616
2616
2617
2620
2621
2622
2623
2624
2631
2632
2633
2633
2635
2636
2641
2644
2645
2646
2646
2651
2652
2654
2656
2659
2659
2668
2673
2674
2674
2675
2676
2677
2677
2680
2682
2684
2686
2687
2692
2693
2694
2697
2697
2698
2700
2701
2704
2706
2707
2708
2715
2720
2722
2730
2731
2735
2737
2740
2741
2744
2745
2747
2748
2749
2752
2754
2757
2760
2762
2763
2764
2765
2767
2774
2777
2780
2780
2781
2782
2785
2786
2787
2789
2792
2793
2797
2797
2801
2802
2803
2808
2809
2818
2820
2821
2821
2825
2828
2829
2837
2838
2843
2845
2847
2850
2853
2854
2858
2861
2865
2866
2866
2867
2867
2867
2868
2869
2870
2871
2873
2874
2879
2881
2883
2886
2887
2888
2891
2891
2892
2894
2904
2905
2906
2906
2909
2915
2920
2922
2924
2928
2933
2934
2937
2942
2944
2944
2946
2946
2951
2952
2955
2960
2962
2962
2964
2965
2970
2972
2974
2980
2985
2985
2987
2989
2996
2996
3001
3002
3004
3004
3005
3006
3006
3006
3007
3009
3009
3011
3011
3013
3015
3017
3017
3020
3020
3020
3021
3023
3027
3028
3028
3031
3035
3035
3038
3039
3039
3040
3040
3041
3043
3045
3045
3046
3046
3047
3049
3050
3050
3052
3055
3059
3065
3066
3067
3069
3070
3074
3074
3076
3077
3079
3080
3083
3083
3086
3086
3088
3089
3090
3093
3095
3095
3097
3097
3097
3098
3100
3100
3101
3103
3104
3109
3109
3111
3114
3114
3115
3116
3117
3118
3118
3118
3121
3126
3127
3129
3130
3131
3133
3140
3141
3142
3142
3148
3153
3155
3158
3160
3162
3162
3166
3176
3179
3179
3185
3185
3185
3191
3192
3194
3197
3199
3200
3202
3204
3204
3205
3206
3206
3206
3210
3211
3217
3223
3224
3225
3228
3229
3229
3230
3231
3234
3237
3238
3242
3244
3245
3246
3250
3250
3252
3253
3256
3258
3262
3264
3265
3272
3275
3278
3279
3279
3286
3287
3288
3291
3291
3291
3292
3292
3294
3294
3296
3298
3300
3301
3308
3309
3309
3310
3310
3313
3313
3314
3314
3319
3319
3322
3322
3322
3322
3324
3326
3327
3328
3328
3332
3332
3333
3333
3337
3338
3339
3341
3343
3346
3348
3349
3353
3354
3357
3358
3359
3360
3360
3360
3362
3363
3366
3367
3370
3370
3371
3371
3371
3371
3374
3374
3382
3383
3385
3387
3393
3395
3396
3397
3399
3402
3403
3404
3408
3409
3410
3411
3414
3414
3417
3418
3419
3427
3429
3429
3430
3433
3435
3440
3440
3440
3447
3449
3450
3452
3455
3455
3460
3461
3462
3462
3463
3465
3469
3471
3471
3474
3475
3477
3479
3484
3488
3490
3490
3494
3495
3496
3499
3500
3501
3502
3503
3503
3505
3507
3507
3510
3514
3516
3516
3518
3518
3518
3519
3521
3523
3524
3524
3525
3526
3534
3535
3539
3540
3542
3546
3550
3551
3565
3566
3567
3568
3571
3571
3571
3581
3582
3585
3588
3591
3594
3598
3599
3599
3600
3601
3602
3603
3606
3607
3612
3612
3613
3616
3616
3617
3620
3623
3623
3630
3632
3635
3638
3640
3641
3641
3643
3643
3644
3645
3645
3646
3649
3650
3651
3651
3653
3654
3657
3658
3658
3661
3665
3666
3671
3671
3672
3676
3677
3679
3682
3687
3689
3697
3700
3702
3703
3703
3709
3714
3714
3715
3717
3720
3721
3721
3722
3722
3723
3727
3728
3728
3729
3734
3738
3738
3740
3741
3745
3748
3749
3752
3755
3756
3758
3759
3764
3765
3766
3766
3767
3767
3769
3772
3773
3778
3778
3779
3780
3780
3781
3783
3784
3784
3785
3786
3786
3786
3787
3790
3790
3790
3791
3792
3794
3799
3801
3801
3803
3804
3806
3807
3808
3809
3812
3813
3816
3817
3818
3820
3823
3824
3825
3826
3827
3829
3830
3832
3834
3834
3835
3839
3839
3842
3842
3842
3844
3854
3859
3859
3859
3863
3871
3871
3871
3874
3875
3875
3877
3878
3882
3884
3885
3887
3887
3888
3893
3897
3902
3902
3902
3904
3906
3911
3915
3920
3920
3922
3922
3924
3929
3929
3932
3935
3939
3941
3941
3959
3963
3963
3964
3969
3970
3971
3971
3971
3972
3975
3979
3981
3981
3981
3983
3986
3991
3998
3999
4000
4005
4007
4011
4012
4013
4015
4016
4019
4019
4020
4020
4024
4026
4026
4028
4029
4029
4031
4032
4034
4034
4035
4045
4051
4056
4059
4061
4063
4069
4075
4076
4078
4083
4088
4089
4091
4092
4094
4096
4096
4100
4102
4103
4106
4111
4111
4111
4112
4115
4120
4121
4121
4121
4123
4131
4134
4137
4139
4140
4141
4142
4145
4145
4145
4146
4146
4147
4150
4151
4152
4156
4156
4157
4158
4161
4163
4167
4167
4169
4169
4175
4181
4182
4183
4184
4186
4187
4187
4188
4191
4194
4195
4196
4197
4197
4197
4199
4200
4200
4202
4202
4202
4205
4207
4207
4208
4213
4216
4217
4217
4217
4218
4218
4219
4224
4225
4227
4228
4230
4230
4231
4231
4236
4237
4240
4241
4241
4242
4248
4249
4261
4262
4265
4266
4274
4278
4279
4280
4281
4282
4285
4285
4291
4296
4298
4298
4302
4305
4310
4311
4317
4317
4320
4321
4322
4322
4323
4324
4324
4326
4327
4328
4330
4330
4334
4335
4335
4342
4343
4344
4344
4345
4346
4347
4349
4353
4360
4362
4362
4363
4363
4367
4372
4376
4377
4377
4383
4384
4384
4387
4390
4390
4391
4395
4395
4396
4396
4397
4397
4398
4401
4403
4407
4408
4409
4410
4411
4412
4413
4413
4418
4422
4422
4427
4428
4430
4431
4433
4434
4436
4437
4438
4441
4444
4445
4447
4452
4454
4457
4460
4461
4462
4464
4465
4467
4467
4472
4474
4476
4476
4476
4481
4485
4485
4487
4489
4490
4490
4492
4494
4499
4499
4502
4504
4505
4507
4508
4509
4509
4510
4511
4512
4518
4527
4534
4536
4536
4538
4538
4540
4540
4541
4546
4547
4550
4552
4553
4556
4558
4559
4560
4561
4562
4562
4563
4564
4568
4569
4569
4570
4570
4572
4573
4574
4576
4576
4579
4579
4582
4586
4587
4587
4587
4589
4590
4591
4593
4595
4597
4598
4600
4603
4605
4606
4612
4615
4615
4618
4624
4625
4628
4633
4633
4633
4636
4637
4637
4637
4638
4640
4642
4646
4646
4647
4647
4648
4650
4650
4657
4659
4661
4663
4664
4666
4666
4668
4671
4671
4680
4682
4685
4685
4685
4685
4686
4687
4689
4691
4696
4697
4697
4702
4707
4712
4714
4721
4721
4722
4723
4725
4727
4728
4729
4734
4735
4738
4740
4744
4746
4747
4748
4752
4753
4753
4754
4759
4763
4763
4764
4765
4771
4773
4775
4776
4778
4780
4780
4783
4784
4788
4790
4791
4791
4793
4796
4798
4800
4801
4801
4802
4804
4806
4808
4810
4810
4812
4815
4820
4820
4829
4831
4832
4834
4834
4834
4834
4834
4834
4834
4838
4841
4846
4847
4852
4857
4859
4859
4859
4859
4862
4864
4869
4869
4870
4874
4877
4877
4882
4883
4883
4885
4885
4885
4890
4890
4894
4897
4900
4900
4901
4902
4903
4905
4907
4910
4910
4916
4921
4923
4923
4925
4926
4926
4927
4929
4930
4940
4941
4941
4942
4947
4950
4952
4955
4955
4956
4958
4959
4961
4961
4963
4966
4967
4968
4969
4970
4971
4972
4972
4973
4976
4979
4983
4983
4984
4985
4987
4988
4991
4993
4998
5002
5004
5005
5006
5006
5007
5007
5007
5010
5012
5014
5015
5016
5016
5017
5017
5019
5019
5020
5020
5021
5022
5023
5025
5028
5031
5032
5036
5039
5039
5040
5055
5055
5057
5058
5062
5063
5071
5079
5079
5080
5085
5085
5088
5094
5094
5095
5098
5100
5101
5101
5105
5106
5107
5109
5110
5110
5112
5112
5114
5114
5117
5122
5127
5130
5134
5135
5136
5137
5138
5139
5140
5147
5148
5149
5155
5164
5164
5165
5166
5166
5167
5168
5173
5176
5182
5184
5187
5188
5189
5190
5194
5197
5197
5203
5208
5209
5210
5210
5212
5213
5214
5215
5221
5224
5224
5228
5235
5239
5239
5239
5240
5242
5245
5247
5249
5249
5250
5251
5255
5257
5258
5259
5262
5264
5266
5268
5269
5269
5270
5275
5275
5278
5279
5280
5282
5284
5285
5285
5288
5289
5294
5294
5295
5296
5297
5297
5301
5302
5303
5306
5309
5316
5317
5317
5320
5320
5325
5325
5325
5330
5333
5335
5339
5341
5342
5342
5343
5343
5343
5345
5345
5347
5348
5348
5352
5352
5355
5356
5358
5358
5359
5360
5363
5364
5366
5369
5370
5373
5376
5378
5379
5379
5382
5382
5383
5384
5384
5385
5391
5392
5395
5395
5396
5397
5399
5402
5402
5405
5407
5409
5409
5410
5416
5417
5418
5418
5419
5419
5426
5428
5429
5430
5431
5432
5432
5433
5435
5441
5446
5447
5448
5449
5450
5451
5453
5454
5455
5457
5458
5462
5462
5465
5466
5470
5471
5474
5476
5477
5479
5482
5485
5485
5487
5487
5494
5494
5499
5500
5500
5501
5504
5506
5506
5510
5511
5513
5513
5516
5521
5526
5527
5528
5532
5533
5534
5534
5538
5540
5540
5540
5542
5543
5544
5546
5549
5554
5564
5568
5573
5573
5575
5578
5580
5581
5581
5583
5590
5590
5591
5591
5595
5596
5597
5602
5604
5611
5614
5615
5617
5618
5623
5623
5628
5629
5629
5631
5635
5640
5642
5642
5645
5646
5647
5648
5651
5651
5652
5656
5657
5658
5659
5662
5666
5666
5666
5668
5671
5675
5681
5681
5686
5689
5691
5697
5699
5700
5703
5703
5704
5708
5708
5710
5713
5713
5715
5715
5716
5716
5720
5721
5721
5722
5723
5723
5727
5727
5727
5728
5728
5732
5733
5733
5734
5735
5738
5740
5740
5742
5746
5750
5751
5752
5755
5755
5756
5756
5759
5760
5763
5764
5768
5768
5769
5770
5772
5776
5776
5777
5779
5784
5786
5786
5789
5794
5794
5796
5797
5799
5802
5804
5804
5806
5808
5812
5814
5815
5816
5818
5821
5825
5830
5831
5832
5835
5836
5836
5841
5842
5842
5852
5853
5855
5856
5863
5863
5864
5866
5867
5867
5868
5871
5871
5872
5873
5873
5874
5874
5875
5877
5878
5881
5881
5885
5888
5888
5890
5892
5893
5893
5894
5897
5905
5907
5912
5913
5914
5916
5919
5920
5920
5920
5924
5927
5928
5930
5934
5936
5942
5945
5947
5954
5954
5958
5963
5963
5968
5969
5970
5975
5977
5979
5980
5984
5985
5992
5993
5994
5997
6002
6003
6006
6013
6013
6014
6016
6018
6018
6020
6021
6025
6029
6029
6033
6033
6035
6039
6043
6045
6046
6047
6047
6051
6052
6058
6058
6061
6062
6062
6065
6066
6067
6068
6072
6078
6078
6079
6082
6088
6088
6089
6089
6092
6093
6094
6095
6108
6108
6111
6114
6115
6115
6115
6116
6117
6118
6121
6123
6130
6134
6136
6137
6138
6140
6143
6143
6143
6146
6148
6149
6150
6151
6152
6152
6153
6154
6157
6157
6157
6163
6166
6173
6174
6174
6178
6181
6185
6186
6186
6187
6188
6196
6198
6198
6202
6203
6210
6210
6211
6215
6218
6218
6220
6221
6224
6225
6228
6230
6232
6234
6235
6244
6246
6250
6256
6256
6257
6257
6258
6260
6261
6265
6270
6274
6277
6277
6279
6280
6280
6282
6284
6289
6295
6295
6296
6296
6303
6307
6310
6312
6312
6312
6314
6317
6319
6329
6329
6330
6330
6332
6336
6342
6345
6345
6346
6348
6349
6350
6351
6352
6352
6352
6353
6360
6361
6362
6362
6372
6375
6379
6379
6382
6383
6384
6385
6387
6387
6388
6389
6394
6402
6402
6404
6404
6406
6407
6411
6413
6413
6414
6416
6419
6420
6420
6422
6426
6429
6433
6436
6440
6441
6442
6446
6446
6447
6451
6453
6453
6455
6455
6457
6458
6459
6459
6460
6461
6461
6461
6463
6466
6468
6469
6470
6472
6478
6481
6481
6484
6486
6486
6487
6488
6494
6494
6495
6498
6499
6499
6502
6503
6504
6506
6506
6509
6511
6515
6515
6518
6524
6525
6526
6530
6532
6534
6535
6536
6536
6537
6541
6542
6546
6547
6549
6549
6550
6554
6563
6564
6566
6571
6572
6574
6574
6574
6580
6585
6588
6591
6593
6594
6595
6601
6602
6603
6604
6604
6606
6610
6612
6612
6614
6614
6616
6620
6620
6623
6626
6626
6627
6627
6630
6630
6633
6636
6637
6638
6641
6644
6645
6647
6652
6658
6661
6661
6662
6662
6662
6662
6663
6667
6668
6671
6672
6676
6677
6684
6686
6690
6696
6696
6698
6700
6700
6702
6702
6706
6708
6708
6709
6713
6715
6718
6720
6722
6724
6724
6724
6728
6729
6730
6743
6745
6747
6753
6754
6757
6758
6762
6765
6767
6770
6772
6774
6777
6778
6781
6781
6785
6790
6792
6795
6796
6796
6797
6799
6800
6800
6800
6802
6804
6812
6812
6813
6814
6815
6820
6823
6826
6826
6827
6830
6831
6831
6833
6833
6834
6840
6843
6844
6846
6847
6847
6847
6848
6848
6855
6855
6856
6856
6856
6861
6864
6866
6868
6871
6872
6873
6874
6875
6875
6876
6878
6879
6881
6883
6884
6890
6890
6894
6897
6897
6898
6900
6903
6903
6904
6905
6908
6910
6915
6916
6918
6918
6918
6922
6923
6926
6930
6931
6931
6932
6935
6939
6940
6944
6949
6949
6950
6951
6951
6953
6954
6957
6960
6963
6965
6965
6968
6970
6970
6973
6974
6976
6978
6978
6979
6980
6981
6990
6991
6994
6998
6999
7000
7000
7002
7007
7011
7014
7015
7016
7020
7020
7023
7027
7029
7029
7032
7032
7033
7037
7038
7042
7043
7043
7047
7048
7048
7050
7051
7051
7052
7057
7059
7059
7060
7076
7081
7081
7081
7084
7084
7084
7084
7087
7090
7092
7093
7098
7101
7104
7104
7105
7107
7107
7108
7110
7110
7111
7111
7113
7113
7118
7120
7123
7124
7131
7134
7138
7140
7143
7144
7146
7147
7150
7150
7150
7150
7151
7153
7154
7156
7158
7158
7160
7163
7163
7165
7166
7169
7170
7171
7173
7185
7185
7185
7187
7188
7189
7190
7191
7192
7194
7197
7198
7200
7202
7202
7204
7204
7210
7211
7215
7216
7221
7221
7221
7221
7231
7231
7238
7240
7245
7245
7248
7250
7251
7255
7256
7259
7265
7272
7276
7276
7278
7284
7287
7287
7288
7288
7290
7291
7291
7298
7302
7304
7304
7304
7305
7307
7316
7316
7318
7320
7323
7325
7328
7330
7333
7336
7338
7339
7340
7343
7347
7348
7348
7348
7350
7352
7353
7355
7356
7359
7359
7361
7361
7361
7367
7370
7375
7379
7380
7383
7385
7387
7389
7392
7393
7394
7396
7397
7397
7401
7403
7405
7406
7410
7411
7415
7415
7420
7421
7422
7423
7425
7427
7427
7430
7431
7431
7435
7439
7441
7441
7446
7448
7449
7449
7452
7454
7454
7455
7458
7460
7462
7463
7464
7464
7464
7465
7466
7467
7468
7469
7469
7470
7477
7483
7483
7485
7485
7486
7488
7488
7491
7492
7492
7495
7495
7496
7496
7498
7500
7500
7500
7502
7505
7505
7505
7506
7508
7508
7513
7514
7515
7518
7518
7519
7524
7526
7528
7529
7531
7541
7542
7546
7547
7550
7553
7554
7556
7556
7558
7560
7563
7568
7569
7573
7574
7574
7574
7578
7580
7586
7587
7587
7587
7588
7588
7590
7591
7592
7593
7594
7595
7595
7596
7601
7601
7602
7605
7606
7609
7612
7612
7612
7614
7616
7623
7627
7628
7629
7629
7630
7636
7637
7640
7642
7643
7643
7646
7646
7646
7650
7650
7652
7653
7653
7658
7658
7659
7664
7666
7668
7668
7674
7678
7679
7682
7682
7686
7688
7690
7690
7691
7694
7694
7695
7695
7698
7700
7702
7704
7705
7706
7707
7710
7712
7712
7713
7716
7716
7717
7717
7717
7717
7719
7719
7722
7730
7733
7733
7736
7739
7742
7743
7747
7747
7752
7753
7754
7755
7757
7759
7762
7766
7772
7774
7775
7777
7780
7781
7781
7781
7781
7783
7786
7788
7788
7789
7789
7791
7792
7793
7794
7796
7799
7799
7801
7804
7805
7807
7807
7809
7810
7811
7812
7813
7814
7819
7820
7821
7822
7826
7826
7829
7829
7829
7831
7831
7834
7835
7836
7846
7850
7853
7853
7854
7855
7855
7857
7860
7861
7862
7863
7864
7865
7866
7871
7875
7876
7876
7882
7884
7885
7886
7887
7887
7889
7890
7895
7895
7899
7905
7906
7908
7909
7913
7916
7917
7920
7921
7923
7923
7923
7924
7926
7928
7928
7932
7933
7934
7934
7935
7936
7939
7940
7945
7949
7954
7956
7958
7963
7964
7966
7970
7971
7972
7973
7975
7976
7977
7986
7987
7989
7989
7991
7991
7992
7994
7996
7997
7999
8005
8005
8005
8006
8006
8008
8011
8014
8015
8016
8019
8020
8021
8025
8027
8039
8039
8039
8042
8044
8046
8048
8051
8052
8053
8053
8054
8055
8058
8058
8060
8060
8061
8065
8067
8068
8069
8069
8069
8070
8077
8077
8084
8085
8089
8090
8092
8095
8095
8098
8098
8099
8099
8099
8102
8102
8104
8105
8105
8107
8113
8114
8116
8117
8119
8120
8120
8121
8122
8123
8124
8125
8130
8133
8141
8141
8143
8143
8147
8148
8148
8151
8151
8152
8154
8158
8161
8162
8163
8166
8167
8170
8170
8172
8179
8182
8184
8185
8187
8191
8198
8201
8202
8202
8204
8205
8207
8208
8210
8216
8218
8219
8219
8221
8223
8223
8223
8223
8224
8227
8228
8231
8235
8237
8238
8242
8245
8247
8247
8250
8255
8259
8261
8262
8264
8265
8266
8266
8268
8270
8276
8279
8279
8282
8283
8284
8286
8291
8295
8296
8296
8298
8299
8308
8310
8314
8316
8319
8320
8321
8328
8330
8331
8332
8332
8332
8336
8339
8340
8340
8341
8346
8351
8355
8356
8360
8363
8364
8365
8369
8370
8373
8376
8377
8380
8382
8382
8383
8387
8389
8393
8393
8397
8398
8399
8399
8400
8401
8401
8406
8407
8407
8407
8408
8411
8412
8415
8422
8424
8424
8428
8428
8428
8429
8429
8433
8434
8435
8436
8441
8444
8446
8447
8449
8453
8456
8460
8461
8461
8461
8461
8462
8463
8464
8464
8466
8468
8471
8474
8477
8477
8477
8477
8478
8479
8480
8481
8486
8487
8489
8490
8492
8497
8506
8510
8511
8512
8514
8514
8521
8525
8526
8526
8530
8531
8531
8538
8539
8543
8546
8547
8548
8548
8551
8553
8555
8558
8559
8559
8560
8566
8566
8568
8573
8574
8574
8575
8581
8582
8584
8584
8589
8593
8597
8597
8598
8599
8599
8600
8600
8601
8602
8602
8605
8612
8613
8614
8618
8618
8620
8622
8624
8626
8629
8633
8635
8636
8637
8638
8643
8645
8652
8655
8657
8660
8664
8668
8671
8672
8675
8675
8676
8676
8677
8679
8681
8688
8689
8691
8692
8692
8693
8696
8698
8701
8701
8704
8704
8705
8705
8708
8711
8716
8720
8721
8722
8722
8723
8723
8724
8724
8725
8727
8728
8730
8732
8737
8740
8740
8746
8746
8749
8758
8758
8758
8758
8760
8764
8764
8766
8766
8766
8773
8774
8774
8776
8780
8782
8782
8782
8784
8784
8786
8786
8788
8788
8791
8791
8793
8794
8795
8796
8796
8797
8797
8798
8798
8799
8800
8800
8804
8805
8806
8806
8809
8825
8828
8829
8832
8835
8835
8839
8840
8841
8846
8848
8849
8850
8851
8852
8853
8854
8860
8861
8862
8863
8864
8870
8871
8873
8873
8874
8876
8877
8880
8881
8882
8883
8884
8887
8888
8898
8907
8909
8913
8915
8915
8916
8916
8917
8917
8917
8920
8920
8923
8924
8925
8925
8926
8929
8930
8931
8934
8935
8939
8939
8944
8947
8948
8948
8952
8956
8957
8959
8960
8962
8963
8965
8966
8972
8974
8974
8975
8976
8978
8979
8979
8982
8983
8985
8990
8994
8995
8996
8997
8999
9002
9003
9003
9006
9006
9007
9008
9011
9012
9012
9013
9013
9017
9023
9023
9024
9024
9028
9029
9030
9032
9039
9041
9042
9048
9050
9054
9058
9060
9066
9066
9068
9073
9076
9076
9077
9080
9081
9082
9083
9083
9084
9085
9086
9087
9090
9093
9093
9095
9095
9096
9098
9099
9102
9103
9107
9108
9113
9113
9114
9116
9122
9122
9123
9123
9125
9125
9128
9129
9129
9130
9133
9138
9138
9139
9142
9147
9149
9155
9156
9159
9163
9163
9165
9168
9168
9171
9175
9176
9176
9180
9181
9183
9185
9186
9187
9187
9187
9189
9189
9190
9190
9191
9192
9194
9199
9200
9200
9203
9208
9208
9210
9211
9212
9215
9215
9215
9217
9219
9220
9221
9223
9224
9224
9225
9226
9227
9229
9231
9232
9233
9238
9239
9239
9240
9241
9241
9242
9243
9244
9246
9247
9247
9251
9252
9254
9256
9259
9263
9271
9271
9274
9275
9276
9276
9279
9281
9287
9289
9289
9292
9296
9296
9300
9301
9301
9303
9303
9304
9306
9307
9307
9309
9310
9310
9310
9311
9316
9325
9326
9332
9336
9336
9338
9338
9338
9338
9341
9346
9353
9355
9355
9358
9360
9361
9362
9363
9367
9371
9372
9373
9376
9380
9385
9386
9387
9388
9389
9389
9392
9393
9395
9399
9401
9401
9405
9406
9407
9409
9410
9412
9412
9412
9413
9416
9416
9422
9424
9426
9430
9433
9434
9434
9437
9438
9442
9444
9444
9446
9447
9449
9451
9454
9456
9457
9458
9462
9462
9463
9466
9467
9470
9472
9474
9474
9475
9479
9481
9482
9484
9486
9487
9488
9492
9497
9497
9502
9504
9504
9505
9509
9513
9513
9513
9515
9517
9519
9519
9520
9520
9521
9523
9524
9526
9528
9530
9532
9533
9536
9536
9536
9545
9545
9545
9548
9549
9549
9551
9551
9552
9555
9555
9555
9557
9560
9564
9564
9565
9570
9570
9571
9575
9576
9576
9577
9579
9583
9585
9587
9590
9591
9595
9596
9600
9604
9609
9613
9613
9614
9617
9618
9620
9621
9622
9623
9623
9623
9624
9624
9626
9629
9632
9634
9634
9636
9637
9640
9641
9643
9643
9643
9643
9644
9644
9648
9648
9651
9661
9662
9665
9666
9666
9670
9672
9673
9674
9675
9675
9676
9678
9680
9681
9683
9684
9688
9689
9690
9693
9694
9695
9695
9696
9698
9701
9702
9703
9704
9705
9707
9711
9712
9714
9714
9715
9717
9718
9718
9719
9719
9719
9720
9720
9721
9722
9725
9728
9730
9732
9742
9745
9748
9750
9750
9750
9757
9757
9759
9766
9767
9774
9775
9776
9776
9778
9780
9781
9782
9783
9786
9786
9788
9790
9793
9794
9794
9796
9800
9804
9806
9809
9811
9814
9819
9819
9820
9824
9824
9827
9827
9828
9829
9833
9836
9841
9842
9848
9849
9849
9849
9850
9850
9851
9851
9861
9861
9865
9865
9867
9868
9871
9874
9877
9877
9880
9880
9880
9881
9882
9883
9883
9885
9888
9894
9897
9898
9898
9899
9900
9901
9904
9905
9910
9912
9913
9914
9914
9914
9916
9919
9921
9925
9926
9927
9929
9929
9930
9931
9931
9933
9938
9951
9951
9952
9953
9953
9959
9963
9967
9968
9969
9971
9972
9976
9979
9983
9984
9989
9990
9990
9991
9991
9992
9993
9994
9995
9995
9995
10002
10002
10005
10005
10007
10007
10008
10009
10010
10010
10016
10017
10021
10021
10022
10022
10023
10024
10028
10030
10032
10041
10042
10044
10045
10047
10049
10054
10055
10059
10060
10061
10063
10063
10063
10067
10068
10072
10072
10072
10075
10078
10079
10083
10083
10083
10084
10086
10089
10091
10096
10098
10099
10104
10106
10111
10114
10116
10119
10125
10126
10126
10129
10131
10133
10134
10134
10139
10140
10141
10143
10144
10145
10146
10147
10148
10152
10154
10155
10157
10162
10166
10166
10166
10167
10173
10175
10182
10183
10185
10187
10195
10196
10199
10200
10200
10202
10203
10206
10211
10214
10216
10216
10219
10223
10223
10228
10228
10229
10229
10230
10231
10233
10235
10236
10239
10241
10242
10242
10243
10243
10243
10245
10251
10258
10259
10260
10262
10270
10271
10272
10273
10276
10278
10282
10282
10283
10285
10285
10287
10287
10288
10289
10292
10292
10293
10296
10296
10299
10300
10300
10301
10302
10305
10311
10313
10315
10316
10317
10319
10321
10321
10321
10326
10327
10329
10331
10331
10331
10333
10336
10339
10339
10340
10340
10345
10346
10348
10350
10356
10359
10362
10362
10363
10363
10363
10364
10366
10367
10369
10371
10374
10374
10377
10380
10380
10383
10389
10396
10398
10399
10401
10402
10402
10405
10405
10407
10411
10412
10413
10414
10414
10417
10419
10419
10420
10422
10425
10425
10431
10431
10431
10434
10439
10440
10442
10442
10443
10449
10454
10457
10460
10460
10461
10461
10464
10464
10470
10470
10470
10472
10475
10475
10478
10479
10486
10488
10492
10493
10494
10496
10496
10497
10497
10498
10501
10501
10503
10503
10505
10505
10509
10509
10511
10514
10518
10519
10519
10523
10525
10526
10533
10534
10535
10538
10539
10540
10541
10541
10543
10545
10552
10552
10555
10555
10556
10559
10560
10563
10564
10565
10570
10570
10573
10576
10576
10577
10577
10580
10580
10582
10585
10586
10587
10588
10593
10593
10593
10599
10600
10604
10604
10605
10605
10606
10608
10609
10612
10615
10615
10618
10619
10620
10621
10622
10622
10629
10631
10632
10634
10634
10636
10636
10637
10638
10639
10641
10646
10649
10654
10673
10674
10675
10677
10677
10682
10682
10684
10685
10685
10686
10689
10692
10694
10694
10695
10700
10706
10706
10707
10707
10711
10711
10712
10715
10717
10719
10722
10724
10729
10732
10733
10741
10743
10744
10751
10751
10752
10754
10755
10757
10758
10760
10761
10762
10763
10764
10768
10771
10774
10776
10779
10779
10786
10786
10786
10790
10792
10792
10800
10801
10813
10813
10816
10816
10817
10817
10819
10825
10826
10843
10844
10853
10854
10854
10856
10861
10864
10866
10866
10869
10870
10872
10874
10875
10883
10884
10884
10889
10894
10894
10895
10896
10896
10902
10903
10905
10906
10908
10910
10911
10917
10917
10918
10919
10920
10921
10924
10924
10927
10928
10928
10929
10930
10930
10935
10943
10945
10950
10954
10954
10956
10963
10964
10964
10966
10969
10971
10972
10973
10974
10976
10986
10988
10989
10990
10990
10991
10993
10993
10996
10998
10998
10999
11000
11001
11004
11004
11006
11007
11008
11009
11012
11015
11018
11021
11022
11023
11025
11027
11032
11039
11040
11041
11043
11045
11048
11049
11049
11050
11053
11057
11057
11068
11069
11077
11079
11081
11083
11083
11084
11086
11086
11092
11092
11096
11097
11102
11109
11112
11113
11121
11122
11122
11124
11125
11127
11129
11135
11137
11139
11141
11142
11143
11147
11147
11151
11160
11162
11166
11167
11173
11174
11175
11176
11184
11184
11184
11187
11188
11192
11192
11196
11197
11199
11200
11200
11201
11204
11209
11210
11211
11211
11211
11212
11214
11215
11217
11217
11218
11219
11224
11224
11224
11224
11225
11231
11233
11233
11235
11236
11237
11244
11244
11248
11250
11253
11254
11254
11254
11255
11255
11256
11258
11260
11262
11267
11267
11275
11277
11279
11280
11280
11281
11281
11282
11285
11285
11286
11286
11287
11287
11291
11291
11294
11295
11297
11300
11301
11303
11303
11304
11305
11306
11309
11310
11313
11315
11317
11319
11320
11327
11327
11330
11331
11332
11336
11339
11342
11342
11343
11343
11345
11349
11350
11352
11353
11354
11357
11361
11361
11362
11362
11363
11364
11365
11366
11369
11374
11376
11377
11380
11381
11382
11386
11387
11388
11388
11391
11394
11401
11401
11403
11403
11404
11405
11405
11406
11407
11409
11410
11416
11417
11420
11423
11423
11428
11433
11433
11434
11435
11436
11438
11442
11445
11447
11449
11451
11453
11463
11464
11464
11470
11471
11474
11476
11477
11479
11485
11486
11488
11490
11490
11490
11491
11492
11493
11497
11497
11497
11498
11502
11506
11511
11514
11514
11515
11516
11518
11523
11523
11526
11526
11526
11528
11528
11529
11530
11532
11534
11534
11535
11536
11538
11538
11540
11540
11545
11546
11547
11548
11548
11552
11554
11556
11561
11563
11566
11567
11567
11568
11569
11572
11573
11573
11576
11576
11578
11580
11581
11581
11582
11584
11584
11586
11587
11590
11592
11595
11596
11597
11597
11598
11603
11605
11606
11608
11609
11609
11609
11610
11612
11613
11614
11615
11621
11626
11627
11629
11630
11634
11634
11636
11637
11637
11639
11639
11645
11647
11648
11650
11651
11656
11657
11659
11673
11673
11678
11681
11685
11686
11688
11691
11693
11693
11699
11699
11699
11699
11700
11705
11710
11711
11712
11712
11715
11715
11719
11719
11720
11725
11728
11730
11731
11742
11744
11747
11751
11753
11753
11757
11757
11757
11758
11761
11762
11764
11765
11766
11773
11774
11779
11779
11781
11783
11784
11784
11787
11788
11791
11792
11792
11795
11799
11800
11803
11804
11804
11805
11806
11806
11806
11813
11817
11824
11824
11828
11828
11829
11832
11832
11837
11838
11839
11841
11842
11842
11844
11847
11852
11853
11853
11853
11853
11854
11854
11858
11861
11861
11864
11864
11867
11868
11873
11874
11875
11875
11876
11880
11881
11883
11884
11885
11887
11888
11888
11889
11891
11892
11893
11895
11895
11904
11912
11915
11916
11920
11925
11925
11925
11930
11932
11933
11934
11936
11936
11940
11941
11941
11941
11945
11946
11948
11950
11952
11953
11955
11955
11957
11957
11960
11960
11960
11966
11966
11966
11968
11969
11970
11976
11978
11978
11983
11986
11989
11993
11995
11997
11999
11999
12000
12001
12002
12002
12003
12006
12006
12009
12009
12011
12015
12016
12020
12025
12034
12038
12046
12049
12051
12052
12052
12053
12055
12056
12057
12057
12057
12062
12064
12066
12067
12070
12071
12074
12075
12075
12076
12078
12079
12080
12081
12082
12085
12086
12088
12088
12090
12090
12093
12093
12094
12094
12096
12096
12097
12097
12097
12098
12108
12109
12110
12118
12119
12120
12122
12123
12123
12123
12126
12130
12134
12134
12135
12137
12139
12142
12144
12144
12146
12154
12157
12162
12162
12167
12170
12174
12176
12176
12179
12180
12182
12187
12188
12189
12189
12189
12191
12194
12195
12201
12202
12202
12204
12205
12205
12205
12208
12208
12209
12211
12211
12212
12215
12217
12219
12221
12225
12229
12231
12232
12233
12233
12237
12239
12240
12241
12242
12243
12244
12248
12252
12255
12258
12260
12262
12263
12263
12264
12268
12268
12268
12269
12269
12271
12274
12277
12278
12280
12281
12281
12283
12283
12286
12287
12288
12290
12291
12291
12293
12294
12295
12298
12301
12301
12304
12305
12307
12310
12315
12317
12319
12322
12327
12329
12332
12332
12336
12337
12337
12341
12343
12344
12344
12348
12350
12355
12356
12360
12362
12362
12363
12370
12371
12372
12377
12377
12379
12383
12384
12385
12387
12390
12391
12393
12395
12395
12396
12399
12401
12401
12403
12405
12405
12405
12406
12407
12408
12409
12410
12414
12414
12417
12420
12421
12423
12424
12424
12425
12427
12429
12430
12431
12431
12433
12433
12444
12445
12447
12449
12451
12452
12453
12457
12457
12460
12463
12464
12466
12469
12469
12470
12471
12477
12485
12485
12486
12488
12490
12495
12497
12498
12499
12502
12502
12506
12508
12509
12511
12512
12513
12514
12514
12516
12517
12521
12523
12523
12523
12525
12528
12531
12534
12541
12546
12547
12553
12558
12559
12565
12567
12569
12574
12582
12586
12586
12588
12589
12590
12590
12591
12592
12595
12598
12601
12601
12602
12603
12605
12607
12608
12609
12610
12610
12611
12612
12612
12612
12613
12615
12616
12620
12622
12626
12627
12627
12628
12631
12631
12632
12636
12640
12641
12643
12643
12648
12648
12651
12653
12653
12655
12659
12660
12661
12663
12664
12665
12666
12667
12668
12673
12673
12674
12677
12681
12682
12684
12686
12686
12687
12691
12692
12693
12694
12696
12696
12700
12700
12701
12704
12705
12706
12710
12710
12710
12710
12713
12713
12715
12716
12725
12728
12734
12735
12736
12736
12739
12739
12742
12742
12742
12745
12745
12745
12753
12754
12756
12756
12757
12757
12766
12768
12768
12771
12774
12774
12777
12777
12782
12790
12794
12795
12796
12798
12800
12803
12804
12805
12810
12810
12811
12812
12812
12818
12818
12822
12826
12827
12829
12832
12834
12835
12838
12839
12840
12840
12841
12842
12844
12846
12847
12848
12853
12855
12856
12856
12857
12859
12862
12868
12869
12871
12875
12877
12879
12880
12880
12882
12882
12884
12884
12884
12888
12889
12891
12892
12894
12904
12905
12905
12905
12906
12907
12918
12926
12927
12928
12929
12930
12930
12931
12932
12933
12933
12933
12934
12936
12936
12939
12942
12942
12943
12944
12945
12946
12954
12957
12959
12959
12962
12963
12966
12968
12971
12972
12972
12974
12981
12981
12983
12983
12984
12987
12990
12992
12993
12993
12996
13000
13000
13004
13005
13005
13006
13007
13011
13015
13026
13026
13032
13032
13033
13036
13037
13038
13040
13054
13060
13062
13066
13066
13074
13076
13078
13080
13082
13083
13084
13094
13097
13098
13099
13100
13107
13108
13111
13117
13118
13120
13121
13123
13124
13128
13135
13135
13136
13136
13138
13140
13145
13149
13152
13154
13156
13159
13161
13161
13162
13163
13165
13166
13170
13173
13176
13177
13178
13183
13183
13183
13183
13189
13189
13192
13196
13201
13201
13204
13205
13205
13207
13208
13211
13214
13216
13217
13218
13219
13221
13226
13228
13228
13229
13233
13234
13237
13237
13238
13248
13249
13252
13253
13255
13256
13257
13263
13274
13291
13292
13294
13299
13301
13304
13304
13310
13312
13314
13321
13322
13323
13324
13324
13324
13331
13332
13332
13338
13338
13340
13341
13344
13345
13346
13347
13352
13353
13353
13357
13357
13360
13362
13364
13364
13368
13372
13374
13375
13376
13377
13378
13378
13379
13380
13380
13381
13382
13382
13386
13387
13388
13388
13389
13391
13396
13398
13401
13402
13402
13402
13406
13410
13410
13411
13412
13415
13415
13416
13418
13421
13421
13421
13425
13426
13428
13428
13429
13429
13430
13430
13432
13433
13437
13439
13440
13441
13450
13453
13455
13458
13460
13463
13466
13467
13468
13468
13469
13472
13472
13473
13473
13483
13484
13488
13489
13491
13496
13497
13502
13502
13503
13507
13507
13512
13513
13517
13517
13521
13524
13524
13527
13528
13528
13532
13534
13535
13537
13538
13540
13544
13545
13546
13548
13550
13551
13556
13556
13556
13558
13560
13563
13564
13565
13565
13568
13573
13574
13575
13577
13577
13579
13580
13581
13584
13589
13595
13596
13597
13597
13600
13603
13604
13606
13607
13607
13611
13611
13612
13616
13616
13617
13617
13620
13626
13628
13629
13631
13632
13635
13636
13636
13637
13639
13640
13645
13647
13650
13650
13650
13653
13654
13657
13660
13661
13663
13664
13667
13667
13667
13670
13670
13671
13671
13678
13681
13684
13688
13691
13701
13703
13705
13705
13708
13709
13710
13711
13712
13714
13717
13718
13718
13723
13723
13724
13726
13732
13733
13734
13735
13740
13743
13743
13744
13749
13749
13749
13751
13752
13754
13755
13758
13760
13762
13766
13766
13770
13773
13774
13775
13780
13780
13781
13787
13787
13790
13791
13792
13793
13797
13798
13799
13799
13810
13812
13812
13814
13814
13815
13816
13816
13816
13818
13819
13823
13830
13833
13835
13836
13839
13843
13844
13845
13847
13855
13859
13859
13860
13866
13867
13868
13870
13873
13874
13875
13876
13876
13876
13876
13879
13884
13884
13887
13891
13895
13897
13898
13900
13904
13907
13907
13911
13912
13914
13916
13917
13921
13922
13922
13922
13924
13925
13925
13925
13927
13928
13930
13930
13932
13932
13936
13941
13942
13945
13956
13959
13959
13959
13961
13962
13963
13966
13966
13968
13969
13972
13973
13973
13975
13976
13979
13980
13982
13987
13989
13992
13993
13994
13995
13998
13998
14002
14002
14003
14004
14005
14006
14017
14023
14028
14030
14034
14039
14054
14057
14058
14059
14066
14067
14073
14073
14073
14078
14078
14079
14080
14086
14087
14088
14091
14099
14103
14104
14106
14106
14109
14113
14114
14114
14116
14118
14122
14123
14125
14126
14131
14132
14133
14133
14135
14135
14136
14137
14139
14140
14146
14148
14150
14153
14158
14162
14162
14166
14168
14169
14170
14171
14172
14172
14173
14175
14180
14186
14189
14190
14193
14195
14197
14201
14203
14204
14205
14207
14207
14209
14209
14209
14211
14214
14215
14217
14218
14220
14220
14222
14223
14224
14225
14225
14226
14227
14233
14235
14237
14241
14255
14258
14258
14259
14260
14262
14267
14269
14273
14278
14279
14279
14283
14284
14289
14294
14295
14301
14301
14302
14303
14303
14305
14311
14315
14316
14323
14325
14329
14332
14332
14336
14336
14339
14340
14343
14347
14351
14352
14354
14356
14358
14359
14362
14363
14367
14370
14372
14376
14377
14378
14380
14384
14389
14389
14389
14396
14396
14397
14404
14405
14405
14406
14407
14410
14413
14415
14415
14421
14422
14423
14423
14424
14425
14426
14426
14431
14432
14436
14438
14439
14442
14444
14447
14448
14448
14455
14458
14459
14460
14462
14462
14465
14467
14467
14467
14469
14470
14471
14473
14474
14478
14481
14487
14489
14490
14491
14492
14492
14494
14494
14496
14497
14497
14498
14500
14500
14502
14504
14507
14510
14511
14512
14514
14515
14520
14521
14525
14526
14526
14527
14528
14532
14533
14534
14535
14535
14537
14539
14541
14541
14544
14546
14546
14547
14551
14554
14555
14557
14559
14559
14560
14562
14563
14564
14569
14570
14570
14577
14577
14579
14579
14581
14583
14583
14586
14587
14590
14595
14603
14610
14610
14615
14616
14617
14621
14622
14627
14629
14629
14629
14633
14633
14637
14639
14639
14640
14642
14643
14643
14644
14651
14653
14653
14654
14656
14657
14658
14659
14662
14662
14663
14663
14669
14669
14669
14669
14670
14672
14672
14673
14675
14677
14679
14679
14680
14680
14685
14686
14687
14688
14690
14692
14692
14698
14698
14698
14701
14703
14704
14705
14706
14707
14714
14719
14721
14722
14727
14735
14738
14746
14746
14748
14751
14752
14754
14754
14754
14759
14761
14762
14763
14764
14766
14766
14767
14769
14770
14771
14778
14778
14781
14783
14783
14784
14788
14788
14798
14801
14803
14805
14806
14806
14808
14810
14811
14815
14816
14822
14826
14827
14827
14828
14829
14831
14832
14832
14832
14832
14833
14834
14835
14838
14843
14845
14846
14852
14854
14858
14858
14859
14859
14860
14861
14862
14862
14864
14867
14870
14870
14871
14872
14873
14881
14882
14882
14883
14890
14891
14897
14898
14904
14904
14905
14908
14909
14909
14910
14912
14916
14917
14918
14918
14920
14921
14921
14922
14923
14923
14925
14928
14929
14929
14931
14931
14932
14933
14933
14933
14938
14942
14942
14944
14946
14946
14949
14951
14951
14951
14953
14957
14959
14962
14962
14963
14965
14965
14966
14968
14968
14971
14974
14974
14974
14976
14978
14982
14983
14985
14987
14988
14989
14989
14989
14989
14990
14990
14998
15001
15003
15009
15010
15011
15012
15017
15017
15024
15025
15026
15026
15027
15027
15030
15033
15033
15034
15036
15037
15038
15038
15045
15046
15048
15051
15052
15055
15060
15060
15061
15062
15063
15065
15065
15068
15069
15072
15073
15074
15075
15076
15076
15080
15082
15082
15084
15084
15085
15085
15087
15087
15089
15089
15092
15092
15092
15092
15093
15093
15093
15102
15103
15110
15113
15114
15115
15115
15118
15118
15119
15121
15123
15127
15128
15129
15131
15132
15140
15143
15145
15151
15153
15156
15160
15162
15163
15164
15164
15166
15167
15167
15169
15170
15172
15173
15173
15178
15180
15181
15181
15183
15185
15187
15189
15190
15195
15197
15203
15203
15204
15206
15207
15210
15213
15213
15213
15214
15214
15214
15218
15219
15219
15220
15221
15222
15225
15227
15228
15233
15233
15235
15237
15239
15239
15240
15243
15245
15254
15254
15255
15257
15259
15260
15260
15262
15265
15271
15272
15273
15275
15277
15280
15282
15282
15285
15285
15287
15290
15290
15292
15296
15299
15300
15301
15302
15303
15305
15305
15308
15309
15315
15315
15317
15320
15322
15323
15324
15325
15330
15335
15336
15338
15338
15340
15342
15343
15346
15349
15352
15354
15356
15357
15359
15361
15361
15366
15368
15371
15371
15371
15374
15375
15376
15376
15377
15381
15382
15383
15385
15386
15388
15389
15389
15390
15392
15394
15396
15399
15402
15409
15417
15417
15420
15427
15427
15429
15430
15431
15438
15442
15443
15444
15444
15444
15447
15448
15455
15456
15460
15463
15464
15467
15469
15473
15478
15483
15483
15484
15484
15486
15486
15486
15487
15488
15490
15491
15499
15499
15499
15500
15503
15503
15505
15508
15514
15518
15524
15527
15528
15530
15531
15535
15535
15535
15537
15540
15541
15543
15550
15554
15555
15558
15559
15559
15560
15560
15561
15561
15561
15561
15565
15566
15567
15570
15575
15576
15577
15577
15578
15580
15581
15581
15585
15588
15589
15593
15594
15594
15594
15601
15603
15603
15605
15606
15606
15607
15607
15611
15613
15617
15618
15618
15619
15624
15631
15634
15634
15638
15638
15640
15641
15643
15646
15646
15648
15651
15651
15652
15655
15660
15666
15668
15669
15671
15672
15673
15674
15679
15687
15687
15687
15689
15689
15695
15695
15699
15699
15699
15699
15705
15707
15708
15708
15709
15713
15716
15718
15719
15722
15724
15726
15727
15729
15729
15731
15733
15735
15737
15739
15740
15743
15743
15746
15746
15751
15758
15758
15758
15762
15762
15763
15763
15764
15768
15768
15770
15772
15776
15781
15783
15783
15786
15786
15786
15788
15791
15792
15795
15796
15796
15798
15799
15800
15800
15801
15801
15803
15804
15805
15805
15806
15808
15808
15809
15810
15812
15812
15813
15814
15815
15820
15820
15830
15833
15836
15837
15837
15838
15841
15843
15844
15845
15845
15848
15850
15851
15857
15857
15858
15858
15858
15859
15859
15862
15871
15873
15873
15874
15876
15877
15879
15879
15884
15885
15888
15891
15892
15893
15894
15894
15905
15905
15907
15910
15911
15912
15912
15914
15917
15920
15920
15922
15922
15926
15926
15932
15933
15933
15936
15948
15948
15948
15952
15952
15952
15952
15953
15954
15954
15958
15960
15962
15964
15965
15966
15967
15968
15968
15973
15974
15974
15975
15977
15977
15981
15982
15983
15985
15985
15987
15993
15998
15998
16000
16002
16008
16010
16010
16012
16014
16015
16020
16020
16021
16025
16025
16025
16030
16034
16035
16035
16035
16037
16039
16045
16047
16049
16053
16053
16053
16053
16057
16058
16063
16064
16065
16065
16069
16069
16075
16077
16078
16080
16081
16082
16084
16096
16097
16098
16099
16100
16102
16110
16111
16117
16118
16118
16121
16124
16126
16128
16128
16133
16133
16133
16140
16140
16142
16144
16144
16146
16149
16152
16152
16157
16159
16161
16163
16163
16163
16164
16166
16168
16171
16171
16176
16181
16182
16184
16187
16188
16192
16194
16195
16197
16197
16200
16201
16202
16203
16203
16205
16206
16209
16212
16213
16213
16214
16216
16217
16220
16221
16224
16227
16229
16231
16237
16243
16248
16251
16252
16254
16255
16256
16261
16262
16265
16267
16267
16269
16272
16275
16276
16277
16280
16280
16281
16285
16286
16290
16293
16297
16298
16301
16303
16308
16313
16314
16316
16316
16316
16320
16322
16323
16324
16324
16333
16333
16341
16345
16347
16352
16353
16355
16359
16366
16369
16378
16380
16382
16386
16387
16391
16394
16396
16402
16405
16406
16406
16407
16410
16411
16413
16419
16420
16421
16422
16423
16430
16431
16434
16434
16436
16440
16440
16442
16443
16444
16447
16452
16452
16456
16457
16458
16458
16459
16465
16465
16468
16469
16470
16471
16472
16473
16474
16476
16478
16479
16479
16487
16491
16491
16494
16495
16496
16498
16500
16501
16502
16504
16505
16512
16513
16515
16516
16517
16526
16529
16530
16531
16533
16537
16538
16544
16544
16546
16546
16547
16552
16557
16560
16561
16562
16564
16566
16567
16567
16568
16570
16570
16575
16579
16580
16582
16585
16585
16592
16596
16596
16597
16601
16604
16606
16607
16610
16611
16612
16613
16615
16615
16616
16617
16621
16629
16632
16633
16633
16635
16638
16639
16643
16648
16649
16653
16653
16658
16659
16659
16673
16674
16681
16684
16684
16685
16685
16690
16694
16706
16706
16709
16709
16712
16712
16712
16716
16720
16723
16723
16724
16725
16726
16736
16738
16739
16743
16746
16748
16749
16753
16756
16757
16760
16761
16761
16765
16766
16769
16770
16773
16774
16775
16777
16778
16779
16784
16785
16789
16789
16790
16792
16793
16793
16795
16801
16801
16803
16807
16810
16811
16814
16819
16821
16822
16824
16825
16825
16829
16829
16830
16831
16834
16834
16836
16836
16837
16837
16839
16840
16841
16841
16844
16848
16850
16852
16854
16855
16855
16857
16859
16862
16863
16866
16869
16869
16870
16873
16876
16879
16880
16880
16884
16884
16885
16886
16890
16891
16892
16895
16899
16900
16903
16904
16905
16905
16905
16906
16907
16909
16910
16911
16916
16919
16919
16920
16921
16927
16928
16929
16933
16936
16938
16942
16946
16946
16946
16950
16955
16956
16964
16965
16966
16966
16970
16971
16972
16974
16981
16985
16985
16986
16988
16988
16989
16989
16989
16991
16996
16996
16997
16998
17008
17010
17011
17011
17013
17017
17019
17019
17020
17023
17027
17033
17034
17037
17037
17039
17042
17044
17044
17045
17048
17053
17053
17056
17060
17061
17063
17064
17065
17069
17070
17071
17078
17081
17081
17084
17085
17086
17086
17089
17092
17093
17093
17093
17095
17096
17096
17097
17100
17102
17106
17107
17109
17116
17116
17118
17122
17127
17128
17132
17134
17135
17135
17141
17142
17146
17147
17148
17149
17150
17151
17152
17156
17156
17160
17161
17161
17163
17164
17164
17165
17165
17168
17168
17168
17170
17170
17173
17175
17175
17177
17178
17179
17181
17182
17182
17185
17186
17195
17196
17201
17202
17203
17204
17205
17206
17207
17208
17209
17211
17215
17216
17222
17222
17222
17223
17223
17224
17227
17230
17231
17234
17234
17236
17237
17242
17242
17243
17243
17246
17248
17250
17251
17252
17254
17254
17255
17259
17261
17265
17266
17267
17268
17271
17273
17274
17281
17281
17282
17283
17284
17290
17293
17295
17295
17296
17298
17302
17303
17304
17307
17312
17312
17314
17316
17317
17320
17329
17330
17335
17335
17338
17340
17341
17342
17342
17344
17344
17345
17346
17349
17351
17352
17356
17358
17359
17360
17360
17363
17370
17373
17375
17377
17378
17378
17382
17382
17382
17386
17387
17388
17393
17396
17398
17399
17401
17404
17404
17405
17406
17407
17408
17409
17412
17412
17413
17417
17417
17418
17419
17419
17420
17422
17423
17424
17437
17439
17440
17441
17448
17452
17455
17458
17458
17458
17462
17462
17466
17468
17470
17471
17473
17474
17477
17478
17478
17479
17481
17483
17487
17490
17495
17499
17500
17506
17509
17510
17510
17511
17511
17512
17512
17513
17513
17514
17515
17520
17524
17528
17529
17531
17533
17535
17536
17540
17543
17543
17544
17549
17549
17550
17551
17552
17553
17554
17557
17562
17563
17563
17564
17573
17573
17577
17578
17581
17582
17583
17586
17586
17588
17589
17590
17591
17593
17594
17595
17597
17597
17600
17601
17607
17607
17608
17608
17612
17614
17615
17617
17619
17620
17621
17622
17622
17624
17626
17627
17630
17633
17635
17635
17637
17639
17640
17641
17642
17644
17646
17647
17648
17649
17649
17650
17651
17652
17658
17660
17661
17661
17662
17662
17662
17663
17665
17671
17672
17679
17680
17684
17686
17690
17694
17695
17697
17705
17708
17709
17709
17710
17714
17716
17719
17722
17722
17723
17725
17725
17726
17726
17727
17729
17729
17729
17729
17746
17747
17747
17754
17759
17761
17762
17762
17764
17765
17768
17773
17775
17776
17777
17777
17780
17781
17782
17787
17788
17788
17795
17797
17797
17798
17798
17798
17799
17800
17804
17805
17807
17808
17810
17811
17811
17814
17814
17818
17821
17824
17824
17824
17825
17825
17825
17827
17832
17835
17836
17836
17839
17839
17840
17841
17842
17847
17852
17854
17855
17855
17857
17861
17864
17871
17872
17873
17876
17880
17880
17884
17891
17891
17893
17894
17895
17896
17896
17897
17898
17900
17903
17903
17905
17908
17909
17912
17918
17925
17927
17929
17930
17932
17933
17934
17935
17936
17937
17939
17946
17951
17952
17953
17958
17958
17959
17960
17963
17967
17967
17968
17970
17971
17975
17976
17977
17982
17985
17989
17989
17998
18001
18003
18004
18007
18007
18007
18008
18010
18010
18012
18012
18013
18014
18016
18018
18018
18019
18020
18021
18021
18024
18024
18027
18029
18033
18036
18041
18043
18047
18048
18051
18059
18061
18062
18064
18065
18066
18067
18072
18076
18076
18077
18081
18084
18084
18087
18090
18096
18096
18097
18098
18098
18098
18100
18101
18101
18102
18108
18111
18113
18116
18121
18121
18126
18133
18135
18135
18136
18137
18140
18141
18142
18144
18146
18146
18148
18148
18151
18152
18153
18154
18156
18157
18161
18162
18166
18166
18170
18170
18171
18172
18180
18181
18181
18183
18184
18193
18198
18199
18200
18201
18201
18203
18205
18205
18205
18205
18207
18208
18209
18216
18216
18216
18218
18223
18226
18227
18229
18233
18235
18235
18236
18238
18239
18239
18240
18241
18245
18245
18247
18249
18250
18254
18259
18261
18261
18263
18263
18265
18265
18269
18271
18273
18277
18281
18282
18283
18284
18284
18287
18287
18292
18293
18296
18297
18299
18301
18306
18307
18310
18311
18312
18314
18314
18317
18317
18318
18319
18320
18323
18325
18326
18331
18333
18338
18339
18340
18341
18343
18344
18345
18349
18352
18355
18357
18359
18360
18361
18362
18366
18369
18372
18373
18374
18376
18377
18377
18378
18379
18385
18389
18390
18395
18400
18401
18402
18402
18403
18406
18408
18408
18408
18411
18416
18416
18417
18417
18418
18422
18423
18428
18429
18430
18433
18438
18438
18442
18442
18445
18448
18449
18450
18454
18454
18454
18455
18460
18461
18463
18464
18464
18465
18466
18470
18471
18472
18475
18478
18481
18482
18483
18483
18486
18486
18487
18489
18491
18495
18495
18496
18497
18498
18500
18501
18511
18511
18516
18518
18529
18533
18536
18536
18542
18543
18545
18547
18547
18552
18553
18559
18561
18564
18567
18567
18568
18570
18571
18573
18573
18578
18580
18580
18581
18588
18590
18591
18594
18597
18599
18600
18600
18600
18601
18601
18602
18605
18605
18610
18610
18614
18615
18619
18619
18620
18622
18623
18626
18633
18637
18642
18642
18643
18643
18646
18647
18649
18651
18652
18653
18655
18655
18659
18661
18662
18663
18666
18666
18666
18666
18666
18667
18668
18668
18668
18673
18675
18676
18676
18676
18678
18681
18682
18684
18684
18686
18687
18690
18691
18692
18696
18698
18700
18705
18710
18713
18718
18718
18718
18722
18730
18733
18739
18740
18743
18743
18745
18750
18765
18765
18771
18775
18775
18776
18779
18779
18782
18784
18785
18785
18789
18790
18793
18794
18795
18796
18796
18797
18798
18798
18800
18801
18804
18808
18809
18811
18812
18812
18813
18813
18816
18821
18822
18822
18825
18829
18830
18831
18833
18836
18837
18837
18837
18842
18844
18844
18845
18848
18848
18849
18850
18851
18852
18855
18855
18856
18860
18860
18861
18863
18865
18865
18867
18869
18869
18871
18875
18875
18877
18877
18878
18879
18880
18881
18882
18883
18884
18887
18888
18894
18895
18898
18912
18912
18912
18913
18916
18921
18922
18925
18927
18931
18932
18932
18932
18933
18937
18937
18938
18941
18943
18944
18944
18945
18947
18949
18950
18954
18955
18957
18965
18968
18971
18973
18981
18981
18983
18983
18986
18987
18990
18994
18996
18996
18997
19003
19003
19009
19009
19011
19012
19013
19014
19019
19021
19023
19024
19025
19026
19030
19032
19032
19035
19037
19039
19041
19043
19046
19046
19047
19050
19056
19058
19058
19058
19060
19068
19073
19078
19078
19079
19080
19081
19087
19087
19088
19090
19092
19094
19098
19099
19099
19100
19103
19103
19105
19105
19106
19108
19113
19115
19117
19118
19124
19128
19129
19130
19130
19133
19141
19142
19144
19146
19152
19153
19156
19158
19165
19166
19169
19173
19176
19176
19177
19181
19181
19183
19183
19186
19192
19192
19193
19195
19197
19199
19199
19200
19202
19204
19204
19204
19205
19205
19206
19207
19215
19218
19219
19220
19221
19223
19223
19224
19225
19227
19227
19228
19233
19234
19241
19243
19249
19249
19250
19251
19253
19254
19254
19256
19262
19264
19265
19267
19267
19274
19277
19277
19279
19282
19283
19284
19284
19284
19286
19286
19286
19287
19289
19290
19291
19302
19303
19303
19307
19310
19311
19311
19312
19315
19316
19317
19317
19321
19324
19324
19325
19326
19328
19329
19329
19330
19333
19336
19336
19336
19339
19339
19345
19348
19348
19350
19350
19352
19352
19356
19358
19360
19362
19365
19366
19368
19369
19370
19373
19374
19376
19377
19381
19381
19381
19385
19389
19391
19391
19393
19395
19398
19403
19403
19409
19409
19411
19416
19417
19421
19423
19425
19428
19428
19430
19430
19431
19431
19432
19436
19437
19437
19437
19438
19438
19438
19438
19440
19442
19442
19443
19445
19445
19445
19446
19448
19452
19454
19456
19456
19457
19466
19471
19474
19474
19477
19477
19477
19477
19479
19481
19482
19483
19485
19488
19488
19489
19492
19496
19499
19505
19505
19507
19511
19511
19513
19513
19514
19514
19516
19518
19518
19521
19522
19525
19528
19530
19531
19537
19537
19537
19538
19540
19544
19550
19552
19554
19557
19558
19558
19560
19560
19562
19564
19565
19565
19567
19572
19574
19575
19575
19575
19579
19588
19594
19594
19595
19599
19602
19605
19606
19607
19608
19618
19619
19622
19623
19626
19627
19628
19631
19631
19632
19634
19635
19637
19637
19638
19638
19638
19641
19642
19643
19648
19648
19649
19650
19651
19655
19664
19667
19670
19671
19671
19678
19679
19679
19680
19682
19684
19684
19689
19689
19690
19694
19695
19696
19698
19700
19700
19707
19708
19709
19713
19714
19714
19718
19719
19719
19723
19723
19723
19727
19727
19727
19730
19731
19734
19735
19737
19739
19740
19741
19743
19744
19750
19750
19752
19753
19755
19756
19757
19758
19760
19761
19765
19771
19772
19772
19773
19775
19775
19776
19786
19788
19788
19789
19790
19790
19790
19792
19797
19807
19807
19809
19809
19810
19815
19816
19816
19817
19818
19820
19822
19823
19827
19831
19831
19832
19832
19834
19836
19839
19843
19844
19847
19849
19850
19851
19853
19854
19856
19856
19859
19863
19864
19865
19867
19869
19869
19872
19873
19875
19877
19877
19878
19880
19882
19886
19887
19891
19898
19899
19903
19904
19905
19917
19922
19922
19923
19928
19929
19930
19931
19932
19933
19936
19937
19940
19942
19946
19947
19947
19949
19950
19950
19950
19952
19953
19954
19960
19960
19962
19962
19963
19966
19969
19969
19969
19974
19977
19982
19983
19985
19991
19991
19992
19992
19994
19996
