1000
81
1887
1847
59
81
1318
425
540
456
1300
694
511
162
1089
728
1274
1211
1445
1237
1106
495
1466
1528
258
47
1947
287
888
790
1015
1541
408
1387
831
1429
1356
1737
631
1485
1026
413
1090
1194
563
433
147
78
324
159
1353
1957
1721
1189
199
1000
705
888
538
1703
1355
451
510
605
156
266
1828
1561
1202
783
1746
1563
376
1002
1718
1447
1094
1577
1463
1996
420
623
953
1137
1133
1241
59
1033
643
1891
2
878
1336
546
1107
1940
503
552
1843
205
1598
1425
1351
1515
1757
1687
10
1410
1285
590
1632
1098
553
591
582
1384
1297
1267
137
1271
1894
1726
1802
1981
79
66
1270
493
1086
1819
981
52
1175
885
1710
1387
1749
1528
818
384
1903
1224
547
1612
1532
1616
1839
540
1786
1051
76
1640
1351
844
364
305
1183
801
90
1602
258
1767
1231
1578
154
1822
1223
1342
208
1743
1968
1166
1710
535
440
904
1162
657
415
1371
1039
1430
1513
1700
1359
720
783
870
984
247
10
565
162
829
1920
48
756
1695
666
200
1456
629
1092
831
1577
1886
1320
1399
1162
1447
292
1888
611
1103
1888
318
1756
19
1807
157
652
675
181
1853
795
417
1393
470
996
1386
632
520
260
1922
1029
1661
60
420
1079
954
1464
60
1551
1181
1757
1516
600
1039
637
1533
1561
804
685
1509
1215
1719
1014
1040
662
1740
0
1284
1173
235
443
421
390
574
869
70
336
1338
1472
1544
395
174
1237
1524
1293
1606
1648
1352
1420
622
371
117
151
1265
682
1479
592
129
231
721
855
511
1343
1053
1166
1859
1867
408
1008
1528
1653
774
284
375
1874
106
537
286
467
114
658
259
1546
1723
724
1587
1657
1374
39
531
146
983
928
1516
926
1477
1412
1036
51
1105
1762
789
698
887
1430
409
1128
1159
861
602
1418
345
1871
1653
240
120
1081
405
1276
1509
1466
556
1695
580
834
477
267
1478
175
993
1380
1808
631
265
558
884
442
1023
1162
1673
972
1253
1158
1527
496
1048
1513
1731
574
1306
1740
531
332
677
1402
1654
1483
330
686
187
1462
604
1421
193
398
956
765
922
45
494
806
999
24
1420
44
1759
7
1124
1357
853
1774
475
1740
89
1814
545
339
1581
1131
1051
985
1629
203
1695
1092
372
1275
377
1262
973
1017
1759
1807
1780
205
1406
474
1544
1723
894
1922
33
1574
610
30
1395
1914
523
1650
909
1277
1645
671
1208
198
734
879
1354
721
1587
1326
10
1921
1267
1301
849
1488
1920
374
401
140
1973
1596
1466
75
110
872
1913
1214
1959
325
1446
1921
244
1063
1436
487
1488
223
1925
1026
1219
1200
1114
730
1176
1300
51
1434
619
1666
913
1045
541
1642
239
1694
1221
574
701
1750
1485
88
864
560
216
1719
1582
316
813
516
1322
301
1555
1277
1963
217
758
232
1179
1875
1333
1740
1627
534
1552
1928
1037
647
1969
712
346
1009
104
1356
314
1589
1223
442
1764
1339
1730
1619
1953
1360
894
1985
1721
213
1401
1328
1757
184
262
283
721
1350
1315
1540
492
342
591
1898
1401
1707
1912
1695
516
452
283
1755
769
740
1694
98
1590
1417
1882
1414
370
1182
268
476
1526
196
825
1768
762
243
1251
121
713
1709
1093
870
937
1086
1841
490
798
1585
1401
1058
718
1392
735
1815
1681
848
356
1617
1074
1099
573
1051
1161
460
1092
524
214
118
1063
135
748
1350
1040
1652
1390
666
1799
760
1794
1510
351
1666
601
722
1060
1834
13
162
898
1817
1093
840
53
218
1601
1006
188
1571
1577
242
817
1407
284
1150
907
1222
945
835
1248
1630
904
562
752
775
114
1207
1453
701
1173
1201
195
1450
1045
1227
1299
138
399
615
1775
943
1340
860
1539
593
551
312
1778
1281
1106
1179
615
1185
1511
1648
314
1093
836
955
1360
1836
1906
1483
128
1201
612
779
1563
143
1787
532
1523
1723
825
1190
277
801
501
1847
1808
1407
659
414
1096
152
1364
588
1237
1800
1192
1138
395
1197
144
1078
1608
1727
1063
454
1352
1011
401
1438
1272
1088
1780
1741
1671
641
314
1527
1636
1338
784
1044
1237
998
523
1394
1995
362
1635
79
1107
1428
82
1495
856
1878
989
72
1141
915
1602
564
1920
1289
503
804
1300
1060
879
1887
815
385
1198
363
1325
453
1251
1380
1332
1962
832
458
464
1438
1249
788
1809
1416
1356
587
1972
1208
1244
633
1346
1243
601
273
344
405
1800
1806
155
1663
1378
191
1561
1140
312
278
444
536
1312
383
1411
1735
971
1799
158
1004
1801
583
1816
1781
296
1556
1089
1816
1317
1574
1777
1203
1666
1661
784
923
429
111
1183
1904
1650
1762
991
1247
510
1337
1464
1673
457
403
1181
638
1617
1464
676
1366
135
405
1585
1105
479
1341
1763
1204
319
947
1883
1836
210
1203
1330
1647
1907
1672
1804
498
1691
425
337
1472
1143
629
1004
1814
289
118
892
258
1650
80
1978
817
325
1213
269
1135
910
1952
171
272
209
1976
987
1388
1146
1118
1933
18
983
966
293
274
1521
1073
1848
146
1004
1354
1963
760
491
1859
332
1097
999
119
1799
1925
1783
1578
830
57
917
1602
922
231
972
1228
882
1605
1118
685
593
1348
1225
816
871
1015
76
481
694
641
509
764
1158
1842
1590
237
821
1444
411
1213
1224
1011
1533
1642
182
1218
1626
470
1570
62
