0
2
7
10
10
10
13
18
19
24
30
33
39
44
45
47
48
51
51
52
53
57
59
59
60
60
62
66
70
72
75
76
76
78
79
79
80
81
81
82
88
89
90
98
104
106
110
111
114
114
117
118
118
119
120
121
128
129
135
135
137
138
140
143
144
146
146
147
151
152
154
155
156
157
158
159
162
162
162
171
174
175
181
182
184
187
188
191
193
195
196
198
199
200
203
205
205
208
209
210
213
214
216
217
218
223
231
231
232
235
237
239
240
242
243
244
247
258
258
258
259
260
262
265
266
267
268
269
272
273
274
277
278
283
283
284
284
286
287
289
292
293
296
301
305
312
312
314
314
314
316
318
319
324
325
325
330
332
332
336
337
339
342
344
345
346
351
356
362
363
364
370
371
372
374
375
376
377
383
384
385
390
395
395
398
399
401
401
403
405
405
405
408
408
409
411
413
414
415
417
420
420
421
425
425
429
433
440
442
442
443
444
451
452
453
454
456
457
458
460
464
467
470
470
474
475
476
477
479
481
487
490
491
492
493
494
495
496
498
501
503
503
509
510
510
511
511
516
516
520
523
523
524
531
531
532
534
535
536
537
538
540
540
541
545
546
547
551
552
553
556
558
560
562
563
564
565
573
574
574
574
580
582
583
587
588
590
591
591
592
593
593
600
601
601
602
604
605
610
611
612
615
615
619
622
623
629
629
631
631
632
633
637
638
641
641
643
647
652
657
658
659
662
666
666
671
675
676
677
682
685
685
686
694
694
698
701
701
705
712
713
718
720
721
721
721
722
724
728
730
734
735
740
748
752
756
758
760
760
762
764
765
769
774
775
779
783
783
784
784
788
789
790
795
798
801
801
804
804
806
813
815
816
817
817
818
821
825
825
829
830
831
831
832
834
835
836
840
844
848
849
853
855
856
860
861
864
869
870
870
871
872
878
879
879
882
884
885
887
888
888
892
894
894
898
904
904
907
909
910
913
915
917
922
922
923
926
928
937
943
945
947
953
954
955
956
966
971
972
972
973
981
983
983
984
985
987
989
991
993
996
998
999
999
1000
1002
1004
1004
1004
1006
1008
1009
1011
1011
1014
1015
1015
1017
1023
1026
1026
1029
1033
1036
1037
1039
1039
1040
1040
1044
1045
1045
1048
1051
1051
1051
1053
1058
1060
1060
1063
1063
1063
1073
1074
1078
1079
1081
1086
1086
1088
1089
1089
1090
1092
1092
1092
1093
1093
1093
1094
1096
1097
1098
1099
1103
1105
1105
1106
1106
1107
1107
1114
1118
1118
1124
1128
1131
1133
1135
1137
1138
1140
1141
1143
1146
1150
1158
1158
1159
1161
1162
1162
1162
1166
1166
1173
1173
1175
1176
1179
1179
1181
1181
1182
1183
1183
1185
1189
1190
1192
1194
1197
1198
1200
1201
1201
1202
1203
1203
1204
1207
1208
1208
1211
1213
1213
1214
1215
1218
1219
1221
1222
1223
1223
1224
1224
1225
1227
1228
1231
1237
1237
1237
1237
1241
1243
1244
1247
1248
1249
1251
1251
1253
1262
1265
1267
1267
1270
1271
1272
1274
1275
1276
1277
1277
1281
1284
1285
1289
1293
1297
1299
1300
1300
1300
1301
1306
1312
1315
1317
1318
1320
1322
1325
1326
1328
1330
1332
1333
1336
1337
1338
1338
1339
1340
1341
1342
1343
1346
1348
1350
1350
1351
1351
1352
1352
1353
1354
1354
1355
1356
1356
1356
1357
1359
1360
1360
1364
1366
1371
1374
1378
1380
1380
1384
1386
1387
1387
1388
1390
1392
1393
1394
1395
1399
1401
1401
1401
1402
1406
1407
1407
1410
1411
1412
1414
1416
1417
1418
1420
1420
1421
1425
1428
1429
1430
1430
1434
1436
1438
1438
1444
1445
1446
1447
1447
1450
1453
1456
1462
1463
1464
1464
1464
1466
1466
1466
1472
1472
1477
1478
1479
1483
1483
1485
1485
1488
1488
1495
1509
1509
1510
1511
1513
1513
1515
1516
1516
1521
1523
1524
1526
1527
1527
1528
1528
1528
1532
1533
1533
1539
1540
1541
1544
1544
1546
1551
1552
1555
1556
1561
1561
1561
1563
1563
1570
1571
1574
1574
1577
1577
1577
1578
1578
1581
1582
1585
1585
1587
1587
1589
1590
1590
1596
1598
1601
1602
1602
1602
1605
1606
1608
1612
1616
1617
1617
1619
1626
1627
1629
1630
1632
1635
1636
1640
1642
1642
1645
1647
1648
1648
1650
1650
1650
1652
1653
1653
1654
1657
1661
1661
1663
1666
1666
1666
1671
1672
1673
1673
1681
1687
1691
1694
1694
1695
1695
1695
1695
1700
1703
1707
1709
1710
1710
1718
1719
1719
1721
1721
1723
1723
1723
1726
1727
1730
1731
1735
1737
1740
1740
1740
1740
1741
1743
1746
1749
1750
1755
1756
1757
1757
1757
1759
1759
1762
1762
1763
1764
1767
1768
1774
1775
1777
1778
1780
1780
1781
1783
1786
1787
1794
1799
1799
1799
1800
1800
1801
1802
1804
1806
1807
1807
1808
1808
1809
1814
1814
1815
1816
1816
1817
1819
1822
1828
1834
1836
1836
1839
1841
1842
1843
1847
1847
1848
1853
1859
1859
1867
1871
1874
1875
1878
1882
1883
1886
1887
1887
1888
1888
1891
1894
1898
1903
1904
1906
1907
1912
1913
1914
1920
1920
1920
1921
1921
1922
1922
1925
1925
1928
1933
1940
1947
1952
1953
1957
1959
1962
1963
1963
1968
1969
1972
1973
1976
1978
1981
1985
1995
1996
