10000
18081
7887
11847
4059
2081
1318
14425
2540
456
3300
10694
18511
8162
15089
4728
13274
11211
11445
3237
19106
495
5466
11528
6258
18047
19947
18287
12888
12790
13015
15541
408
7387
6831
15429
5356
1737
631
11485
15026
6413
3090
5194
10563
12433
4147
14078
4324
16159
11353
11957
3721
7189
2199
13000
18705
2888
4538
9703
9355
12451
8510
12605
156
8266
9828
15561
7202
14783
15746
11563
14376
9002
9718
5447
5094
1577
7463
7996
6420
18623
953
11137
3133
19241
10059
13033
18643
13891
2002
18878
9336
12546
9107
7940
6503
10552
19843
12205
1598
7425
1351
11515
9757
3687
18010
3410
15285
18590
3632
13098
8553
18591
8582
5384
11297
19267
6137
9271
15894
17726
5802
3981
12079
12066
1270
10493
3086
9819
18981
6052
17175
4885
5710
11387
13749
1528
12818
4384
17903
11224
4547
13612
1532
3616
17839
10540
5786
7051
18076
13640
17351
18844
10364
12305
19183
14801
90
1602
12258
3767
3231
17578
8154
7822
1223
17342
4208
7743
11968
1166
13710
14535
10440
14904
13162
14657
14415
9371
3039
3430
9513
19700
1359
16720
783
10870
12984
8247
18010
565
14162
16829
7920
2048
16756
15695
18666
16200
19456
16629
1092
18831
17577
7886
5320
15399
11162
3447
10292
11888
16611
9103
9888
18318
3756
2019
17807
6157
18652
18675
2181
1853
18795
10417
1393
18470
18996
9386
2632
2520
260
13922
7029
1661
10060
12420
11079
12954
11464
2060
9551
1181
11757
19516
10600
17039
4637
1533
15561
12804
16685
1509
11215
11719
5014
11040
18662
15740
16000
19284
13173
10235
16443
421
12390
574
2869
8070
6336
3338
13472
1544
12395
12174
11237
13524
17293
1606
9648
13352
7420
8622
10371
16117
18151
15265
18682
3479
16592
10129
4231
8721
855
4511
5343
11053
15166
19859
19867
18408
17008
15528
3653
16774
18284
2375
11874
10106
6537
12286
14467
6114
14658
259
3546
19723
6724
7587
11657
3374
16039
16531
18146
4983
10928
5516
4926
17477
17412
5036
6051
19105
17762
16789
14698
2887
9430
2409
1128
9159
6861
8602
17418
18345
7871
7653
18240
12120
19081
14405
7276
1509
1466
556
7695
10580
4834
8477
14267
1478
2175
4993
13380
3808
12631
18265
8558
12884
10442
9023
3162
9673
16972
19253
19158
5527
10496
15048
5513
19731
2574
11306
3740
8531
12332
2677
5402
3654
13483
4330
12686
4187
1462
604
13421
18193
8398
8956
6765
922
10045
16494
4806
8999
4024
11420
2044
7759
4007
7124
13357
8853
7774
18475
5740
8089
15814
10545
18339
11581
3131
7051
16985
5629
14203
1695
17092
18372
15275
4377
1262
10973
3017
9759
7807
3780
12205
11406
2474
13544
1723
10894
3922
18033
7574
18610
30
5395
9914
12523
7650
909
19277
5645
671
17208
8198
12734
18879
3354
14721
7587
9326
10010
13921
11267
9301
18849
19488
3920
18374
4401
18140
13973
5596
19466
10075
16110
6872
7913
15214
9959
325
1446
9921
6244
17063
11436
6487
1488
18223
11925
19026
9219
9200
3114
8730
3176
11300
18051
9434
18619
5666
913
17045
541
5642
12239
17694
7221
6574
701
19750
19485
12088
10864
4560
16216
9719
11582
16316
6813
2516
3322
16301
9555
19277
3963
16217
10758
2232
17179
13875
3333
13740
7627
4534
11552
13928
17037
4647
9969
10712
6346
11009
104
19356
6314
13589
17223
2442
17764
5339
11730
15619
9953
3360
10894
15985
5721
16213
9401
7328
11757
16184
16262
14283
4721
11350
1315
5540
14492
342
6591
1898
13401
15707
17912
19695
16516
16452
12283
3755
14769
4740
7694
18098
1590
17417
3882
3414
2370
17182
8268
4476
11526
4196
8825
5768
2762
2243
7251
4121
12713
3709
7093
14870
18937
11086
9841
4490
18798
3585
9401
9058
718
5392
2735
15815
9681
16848
12356
5617
15074
1099
573
1051
13161
18460
11092
6524
14214
16118
15063
14135
2748
19350
13040
5652
15390
4666
15799
10760
3794
17510
8351
5666
18601
10722
1060
3834
6013
10162
6898
3817
15093
16840
16053
6218
7601
13006
12188
3571
13577
10242
10817
9407
18284
7150
4907
17222
12945
12835
17248
7630
16904
562
14752
16775
8114
13207
5453
8701
17173
13201
14195
13450
3045
19227
15299
6138
8399
4615
1775
943
15340
860
3539
10593
2551
6312
1778
11281
1106
3179
4615
17185
5511
11648
18314
15093
16836
16955
13360
5836
3906
7483
16128
17201
8612
10779
17563
8143
13787
6532
11523
19723
2825
1190
277
4801
16501
13847
17808
17407
4659
12414
11096
16152
11364
6588
13237
1800
11192
5138
12395
5197
10144
13078
11608
19727
1063
18454
17352
17011
18401
11438
7272
5088
3780
3741
5671
12641
18314
13527
7636
9338
8784
17044
13237
10998
12523
15394
9995
6362
17635
2079
7107
11428
16082
3495
10856
1878
989
10072
19141
2915
1602
10564
5920
9289
10503
18804
9300
15060
16879
3887
6815
6385
7198
2363
9325
6453
17251
13380
13332
19962
14832
6458
18464
19438
19249
8788
15809
13416
17356
14587
3972
9208
9244
4633
17346
19243
16601
273
344
10405
17800
11806
2155
17663
17378
4191
11561
15140
6312
14278
16444
6536
1312
6383
1411
13735
12971
3799
8158
5004
7801
14583
3816
13781
10296
13556
1089
13816
19317
7574
17777
9203
5666
9661
18784
14923
18429
18111
13183
3904
17650
1762
16991
9247
14510
3337
1464
11673
10457
12403
17181
8638
3617
7464
18676
3366
18135
405
9585
19105
16479
9341
15763
15204
10319
4947
11883
15836
2210
5203
5330
5647
1907
17672
3804
18498
1691
10425
12337
13472
11143
14629
3004
9814
289
14118
12892
2258
13650
16080
11978
10817
325
15213
14269
17135
6910
9952
18171
10272
16209
7976
14987
17388
17146
13118
17933
6018
983
14966
16293
6274
3521
15073
1848
4146
3004
15354
13963
2760
14491
1859
14332
13097
999
12119
7799
13925
7783
11578
16830
12057
14917
3602
6922
2231
10972
13228
18882
19605
3118
16685
10593
7348
3225
816
14871
11015
18076
6481
2694
10641
10509
4764
7158
3842
5590
8237
18821
9444
8411
15213
11224
1011
9533
7642
16182
1218
1626
14470
15570
12062
1185
3429
10963
14822
9551
5457
16964
15082
7452
1154
13573
16447
16529
2785
4984
17349
2159
18317
18496
17600
12972
4972
15170
19698
11893
11609
13145
8934
142
1805
4775
9254
19291
1827
17186
395
7916
19043
11142
18610
12355
18543
1203
17017
3204
3929
14220
3540
4437
4882
2353
5140
19003
11045
3526
12603
11792
9865
17722
16402
2192
3599
7588
19481
17487
3238
17684
9006
6134
4467
9565
16825
306
18466
8016
4527
5942
1171
8107
14086
14455
8805
12055
17930
9513
11712
15660
75
4983
7316
14912
5418
19129
15488
1697
8782
2083
18090
18497
12269
5784
3371
17359
1621
6394
555
15491
9613
4574
1283
16297
13709
3581
18205
12025
10002
7781
192
10374
8860
1107
7287
6671
14680
18341
2865
3275
9024
10133
6130
6442
17452
1856
15222
8939
19099
7492
9187
343
10362
14132
17335
11854
971
10134
6062
17266
18501
12673
16778
3115
19880
19648
3722
6820
4991
16956
15359
19199
3702
4444
4561
1312
5716
14916
1214
932
13956
8401
7964
8884
13440
1831
14521
11955
8526
9849
3006
15966
6830
10166
14087
12879
12757
5521
18201
13814
9409
18710
2285
16188
6747
15558
8019
13312
12212
10905
10792
9719
541
7455
830
12453
2866
17937
2324
18887
17048
8261
4586
19087
5358
9984
10615
6296
786
15233
12846
16197
9114
2697
244
10918
11403
18489
3734
7935
17481
10774
16491
17196
11904
13156
11842
1006
84
692
18417
19753
9449
12075
18181
7173
13341
3050
16265
2821
6614
12034
13876
17242
6488
8152
18860
10431
5760
10917
3002
12071
4834
19606
15309
15382
6317
17852
1939
13860
3784
10576
13814
18041
5500
2305
12002
9189
9247
1973
14459
19032
9910
7917
1053
8784
10478
13362
11281
19560
13099
10556
7612
3370
15669
10801
3519
18422
18216
18925
7192
17747
17896
9901
18269
2749
116
10114
19183
12421
19737
6708
6047
6677
12248
18142
13323
12081
6715
5017
1519
15375
11057
495
14150
10719
6260
8976
15131
8247
8490
3383
5708
18008
7862
19287
10068
3322
10414
671
14116
4391
10538
2854
294
18226
14225
5591
7754
10971
19381
7467
15531
19324
15652
19224
3202
14002
18552
7361
17474
7791
16724
18529
2336
4327
9666
16857
2754
16929
1829
8876
4106
10732
13163
5797
13421
12710
6143
18666
19631
7906
8015
5007
14570
3998
10285
15788
10689
9634
4460
13497
14989
18423
7716
18932
249
6554
4625
1597
614
12154
10131
7829
15786
17543
3322
1340
8671
17959
12490
17814
13170
15641
17594
95
7465
17298
6686
3781
4950
5501
12868
7290
4834
10195
16824
14467
3620
12930
16064
5977
10654
10954
15801
3975
1141
11319
19113
13874
17071
18877
18311
18148
19963
3104
11548
7719
14627
1058
9620
14909
7612
13094
5289
6981
18325
15444
681
7340
9338
11983
4111
2965
16152
16102
11858
10673
9688
13575
15330
1873
9689
5715
8148
18653
638
1087
6455
980
11280
7923
13398
385
9725
12612
5897
14114
3518
19254
9914
8250
10262
16212
10684
9519
8635
19350
3749
17096
10605
15290
18254
2428
19009
8679
15758
13460
14838
17490
19265
14109
849
16916
17797
19875
4412
8006
14669
4323
2406
2432
3111
733
4926
12486
7245
18921
130
9678
7108
973
5187
137
18981
11139
17777
5581
11592
14294
9191
15679
7359
16903
4862
19832
15377
466
14951
14629
12710
673
174
18605
18389
1617
18233
165
19628
8689
7695
731
16911
1570
14707
1538
7505
3600
3983
15576
13340
18170
2199
5776
8720
11125
5136
14227
5867
13154
17060
2883
15646
16906
17932
13415
4754
15082
836
3964
18943
7831
12176
1713
17317
15646
15668
3594
19130
17825
200
16142
14133
16133
19565
6926
19634
18684
11209
2131
4507
10196
7986
8939
13942
12348
16171
15376
2030
11731
19165
4202
7500
18518
12452
12880
1484
10321
14073
802
3327
3524
18884
13524
19684
4685
8027
7623
822
11471
1632
8360
16221
3657
6062
4502
15001
8559
13291
8383
1417
4687
19869
13000
7462
8296
19227
14462
4788
15167
14494
12182
8637
15505
13375
7593
10216
17581
13007
13004
5098
8224
5538
95
9641
9721
1866
4793
3677
4141
10906
1849
18265
10956
5831
17697
17935
15118
8202
17903
8105
11844
15837
19233
11366
932
19303
4910
15178
4140
9380
5391
8412
7905
4026
19437
9389
10243
18825
13410
13455
18837
11233
15045
1624
15219
9992
5928
4031
12832
4016
8336
992
7826
3287
13966
17227
5482
13708
7185
16552
4320
10363
370
6676
3328
2593
5176
2587
14340
17116
7140
15431
6905
7165
8788
9560
13688
18996
7353
15219
3790
12834
12252
14410
15813
14004
4579
1637
2675
13581
3399
15254
13637
11423
15254
9520
2395
5071
12337
147
8310
18408
16322
10206
15820
3360
12966
17081
3722
18696
8279
15673
13787
2417
5727
3117
17156
15841
7594
18172
5109
17202
15164
4305
1313
14547
14336
11196
9530
15110
3230
1589
15128
10638
13751
11043
9774
858
18319
9388
8774
3100
12057
13616
9684
12142
1911
4445
16316
15905
310
966
3326
6970
17312
13839
11236
14166
7348
19215
19873
15960
19098
19221
646
9505
12189
8664
349
17148
15888
8732
1535
19176
2284
6469
7138
7231
14586
6303
401
327
10402
5934
8264
19727
4546
5450
14982
8676
7325
8468
17804
18263
17936
12631
320
7717
16855
19552
10792
13208
2870
10346
12424
6345
3349
13855
9800
16726
16709
788
12862
19385
17234
7265
4753
7733
2434
3294
19436
516
9643
17564
18782
14431
1903
19789
5448
13691
6094
7956
6846
18299
17100
12449
3229
2433
5924
13876
15444
14220
18101
14827
11757
16078
2152
11210
1049
15237
1892
6526
11092
13120
2937
14370
5333
3672
6637
11309
18938
2239
755
1158
120
3752
1866
10976
12277
11941
17222
12291
15167
11546
15952
17118
110
10464
12405
3999
3971
2367
1483
7441
6020
1927
1564
5165
13467
14442
3854
17127
7659
2198
10741
6594
8840
8723
12379
19792
13867
4820
19046
18600
7518
4834
5856
4666
13496
976
8340
15559
3228
7899
17377
13711
17607
19477
14359
10935
14953
13183
14301
477
11681
13812
7747
7464
12217
258
1424
6118
16801
10874
14989
18320
3643
15483
9076
9358
18373
11884
16790
4832
455
4864
19655
6603
2730
5681
12943
7448
19037
17440
19521
16034
19360
1314
3224
8221
6472
9223
10405
14218
18875
2920
3839
17583
175
9702
17224
16313
1288
15981
13873
6549
3630
14698
18024
7466
13396
3179
10245
15998
10300
14845
8389
16989
7081
6602
17483
10928
16498
554
14235
18856
9995
9648
15010
13653
7348
1985
6968
13904
7629
5055
2321
11976
17084
11842
5358
13324
6379
9861
9555
13037
4897
13959
1892
18649
10523
5280
18154
14424
4485
18932
16884
1915
4102
3801
1203
13219
7850
19223
19709
16195
9827
12288
4112
10969
4026
9029
12906
5700
3571
19025
18442
12745
3671
406
1380
10813
10715
4759
11349
11077
8340
7048
2838
1631
6729
7469
15922
2599
8599
3835
1723
15262
14170
16810
3050
7994
17330
12725
1152
17165
19538
8104
13705
16604
18718
5985
8456
13528
15739
3844
12096
14260
7439
3359
6123
4051
17880
19602
145
14685
5259
19514
11343
3474
14497
3339
17549
9695
11940
18775
7991
15271
11001
9006
7506
13402
19013
9672
16440
11255
11888
14640
8077
19058
9142
14465
19991
16974
3714
11409
12064
10768
6546
7047
17342
2283
6978
2533
17722
18580
1359
12615
14237
14352
10541
19204
7928
15907
3501
13650
12406
6148
5105
5402
4407
1106
171
19348
4398
13214
6606
6574
5779
16434
13969
2700
12278
14175
7553
8462
5526
10618
5479
2365
8407
17065
7819
17842
5642
10518
16585
15879
17408
9513
10729
17998
15977
16900
8851
11612
9316
18416
9933
6960
6940
2656
6515
9416
17971
5821
14971
215
2449
3253
840
19810
6826
15357
15478
6157
15973
19565
3859
3738
1477
18798
11224
19518
15561
931
12090
2304
19482
6963
8786
16779
19969
4413
12003
13292
5546
7717
8223
18594
12681
4156
7524
11382
754
14546
19950
618
11332
11744
1609
15965
19092
7468
11490
14698
9437
12710
17782
18676
12674
9595
17458
19325
7210
19430
16366
14989
15838
12567
276
1048
3829
19317
4637
36
17106
14908
9220
10366
12677
18338
12598
8877
4572
1309
11021
11122
16839
9226
19142
5873
17754
19046
8672
13732
1433
13346
5872
13502
8369
17705
12653
15102
6918
17182
8005
4236
14186
6874
13338
15708
13322
3599
14642
188
15722
4372
14603
2501
2495
16285
10682
13345
2462
12981
4397
8202
11050
12229
11514
9399
3523
18536
3006
14662
19284
16458
8279
19856
11354
504
12531
17417
18666
1804
17710
11829
1776
13204
2252
7921
7853
9176
8852
12001
2114
9927
16617
11595
18072
19741
8746
16981
10431
1124
9433
12401
4810
11774
1230
4752
13551
17360
14570
1580
15169
18
10646
710
15087
8341
9332
3038
8356
17898
6843
4181
7508
9526
10800
9637
11828
14644
16985
9951
15975
16841
7934
18642
16927
12694
18785
10041
16267
14974
5651
7392
19877
6220
5384
834
19678
17662
6353
3834
2086
8514
8141
4230
2962
6662
697
10243
9412
17729
8985
16562
14438
5269
5534
18691
12667
5513
8839
2605
18994
186
10083
12602
4139
4562
10866
15873
2489
17727
4219
13647
12771
8725
8917
18931
11166
11637
15851
10096
11719
17439
1091
14686
7059
9165
1944
9233
9208
13378
12137
10743
14490
16761
7889
12871
1330
12274
2680
13152
17078
16910
4413
12078
17726
2570
3358
19058
10786
19103
3651
12700
18448
7492
11112
16163
17209
1587
9263
19982
3518
15885
19651
13574
9745
1854
5242
10350
18297
9788
18855
12209
6772
13205
9916
18965
1540
17873
12880
16256
11175
14621
19366
18997
19219
15203
16579
3818
631
12588
8444
19831
6610
12665
610
11511
8740
10282
9073
8170
6612
18516
12613
7020
15467
3871
6379
4376
8512
16047
19575
2413
6154
10259
2134
561
5039
16320
10173
1675
18235
2946
9545
4163
15954
17295
10442
18797
8828
16837
1080
1616
17533
470
10786
1745
9536
7730
15371
15877
3324
9742
6406
14763
18455
9413
9794
17178
9643
9849
13301
11867
12853
17011
16706
8477
9050
2477
7336
5058
811
15858
12512
14643
4200
1351
3427
19903
2740
6957
1491
489
5591
12134
13364
18867
18713
1350
6504
7542
7422
2367
3790
1031
5734
9406
18259
4573
19898
1290
17370
14211
5325
4846
16140
6173
985
2970
13701
6991
15631
17307
6404
7588
6826
9296
7059
14467
6668
14005
17513
12126
11151
3020
15594
10356
16905
1267
630
9796
10359
12383
3279
19750
9882
7431
4903
9243
2382
15499
11403
18366
17116
3043
17952
19283
9719
5268
19743
17976
11673
19348
2443
17925
9991
8477
10055
7107
16097
10200
14473
5755
11828
15768
1240
5646
17747
18852
14766
10755
6847
8130
66
13793
10091
6530
5465
13982
9303
16458
8873
14963
3009
13226
19788
6580
7288
5751
428
18561
15699
13338
1066
18121
3343
1064
7500
16909
10555
2168
643
3357
19850
7084
7111
17531
2293
18947
3806
10022
8291
14703
4195
8480
7717
18205
8170
19953
19992
7876
15674
23
11788
4056
15795
2135
7011
15438
11538
17595
13411
1328
18307
11580
4959
18301
1142
3518
2312
18666
6990
10022
1088
3689
15233
401
3141
12704
8429
11022
6785
8618
12488
7485
2737
14325
18020
15442
9583
3371
238
17639
9674
15346
12463
1361
5867
15805
7435
10340
9683
7712
10586
4422
13084
11813
629
6279
6280
15026
17243
16014
10826
13128
7932
10585
9194
6790
439
8829
7629
5704
15857
6402
14123
17985
12768
14460
126
5250
16411
11650
16825
5812
18816
5107
5095
4397
15952
9925
2113
13966
13617
1049
6029
5888
13762
12684
9463
17759
2676
8052
16386
7200
1125
7160
9310
18406
6384
17479
8923
11253
5815
12393
19336
696
8061
6143
17540
3185
17506
11
14654
14622
15183
19723
10425
16919
12693
15617
12470
3017
8005
5320
19807
10228
12170
10470
13775
4285
8069
19181
2232
21
7596
4714
18692
13107
16880
11451
13799
15392
7163
11477
9609
13998
18578
17573
15871
3210
16472
2071
4696
4636
12409
9675
4771
11184
13532
17597
1341
16359
6065
7187
15726
5794
19560
11317
11081
7861
120
19477
6082
17393
5728
5742
9083
14279
15634
15954
17824
13897
1250
11279
13255
123
14057
17236
12094
14351
1476
11097
14832
557
16765
17462
19730
7702
16659
11832
312
14701
14474
18678
14932
17033
4121
19707
11925
10717
6800
12839
10496
11946
5112
10498
14918
19525
18932
10276
2109
10534
17563
2424
8675
13932
14806
11310
2951
17934
6461
11868
6903
5031
12728
9422
12372
10187
5245
11361
6436
17708
11806
12471
14354
16836
13388
19438
10724
10228
17589
733
19068
3429
1097
463
19807
9720
5597
8048
6174
5376
8711
11705
17686
18141
4242
14233
10649
15153
16020
14500
610
10460
7923
7719
9309
13945
14864
11933
5139
4199
17358
16010
15535
6280
2646
10580
588
9576
5306
12569
11936
14003
4492
11330
5212
3309
7973
7144
4167
18500
18655
7757
5628
1877
1794
534
18800
3310
6844
14494
19505
11627
16946
16146
14153
5221
2556
15119
3040
14169
4249
18573
4640
13507
2633
5010
7495
13607
18869
18166
7752
7339
4763
2996
5506
17775
7038
11217
1953
7590
1414
13620
9590
6088
5794
2335
17345
4746
14323
2050
11779
7356
4317
8266
7190
1236
18098
16886
2242
15731
13076
4217
2278
5618
19809
8652
18133
5028
13755
5604
12682
1855
11423
6446
1334
7781
527
14672
18809
14502
11049
6246
10293
79
2792
1796
18239
3039
291
4512
19489
18850
7393
12869
17719
15735
8994
14677
17081
15910
4847
13108
11853
8758
18048
5832
4012
8238
17271
9187
8746
594
14190
12344
8314
7042
11966
12464
14396
3009
4956
2360
6153
16420
16866
12086
19417
7529
5947
8339
3363
7488
13537
15709
17037
5379
17662
8766
4680
7788
12691
9171
18306
13418
2452
2891
17953
1596
5275
16187
13657
1252
10152
3991
18236
14746
613
19649
5723
5458
13218
190
8800
1336
8099
4188
16181
19872
5085
18745
17590
14923
19274
14372
19969
8655
11244
5799
4553
8065
16890
7786
12162
4197
18937
17095
4157
1322
3465
2110
19572
9168
1353
4231
16430
6188
6058
5958
10682
18545
4642
3367
13135
3885
14828
3088
18157
15651
6289
11479
15145
11339
6951
10541
4322
2110
15203
10505
18833
8677
5864
3661
2353
18811
1406
9123
16163
18602
7646
11941
12877
12582
8835
1160
1906
8511
3897
12423
10002
8242
17151
10119
9704
15376
1216
14771
12202
9376
4091
4955
18464
10605
14534
6662
12469
4409
1243
5656
3807
377
16157
8947
14672
8716
12565
16544
1020
2631
1430
7668
8208
8020
11762
9211
9926
2624
1587
1645
3971
5912
841
9138
9794
19664
18001
1590
7202
18349
10054
6626
9676
7563
14122
4241
2802
315
9883
14422
5419
19642
12094
5881
13604
19290
1287
14526
677
165
9355
11997
5871
19448
11109
3727
12287
12933
16111
3234
2376
8930
5147
13816
14754
209
18378
7454
16885
19679
8722
836
11212
16615
11173
2659
3941
18869
3258
5835
351
6949
6389
15974
17762
117
12195
1107
10511
11920
8555
13611
6486
19438
782
17329
17624
3888
12445
9971
11277
2524
9976
9486
11303
16280
4032
11374
18573
9929
2137
3118
12663
9850
6722
1325
18359
8265
16761
14873
11645
2829
9698
18718
13584
1051
10519
16303
6310
18283
8092
14347
18352
4510
12046
10771
120
5182
4472
13253
15638
16895
11041
11609
6745
9748
4967
18812
3314
19204
14125
16998
9462
12742
10283
10231
8708
15812
13429
13458
17514
13136
17671
12052
9458
6350
16869
2623
3360
2593
16419
16773
6230
17894
12281
3346
4476
16869
16870
6684
561
3778
4587
3778
11853
14471
6375
9426
6116
3484
133
17206
16149
19483
1991
9113
10996
4987
2621
19985
1732
16567
7350
4589
13294
9457
3118
19047
16942
2495
13376
18136
11753
10243
6215
12076
7580
13256
19714
911
482
237
17746
11725
2111
10779
3645
4776
4438
5573
13389
4810
10629
12891
2266
17958
18012
3830
6261
12590
9680
12929
16065
3728
19643
9536
766
9147
15862
16380
3542
15181
9456
10475
7949
9076
837
16505
4568
11712
3069
13667
16227
19009
832
13749
17234
16643
13548
10032
3185
9919
19588
14965
8039
19108
6881
1134
584
15820
1576
13749
8406
10154
14207
9806
19381
18198
3272
18084
11447
12294
14833
17360
1703
11566
15718
7383
16749
17070
5019
8299
15164
9861
16347
11626
15611
16648
5969
7865
12020
7569
8915
9662
13876
2744
17386
9624
10143
1897
1339
8600
4237
15017
2295
735
11381
12601
7926
5997
8944
7999
9515
5023
19511
5735
3393
16413
9130
6667
17810
17729
7361
10287
4145
15537
3759
11693
17512
2597
6627
5239
7712
2146
7483
5190
19284
4606
10964
8053
9086
7458
4418
2708
15185
5395
10910
174
11498
1874
2462
17086
19831
13911
3887
13823
19445
6525
14447
11784
15065
19689
12926
7643
893
16053
17420
8676
8916
19773
1885
6352
17314
13792
5164
7043
19817
7908
3101
2299
11
6980
6549
11634
11936
12803
1397
14289
6502
9548
5752
3103
18871
15447
1899
9175
16638
16852
15352
14002
667
14738
2003
15460
1131
6342
3766
9093
4734
19757
18411
3723
13538
16659
11285
12263
15092
9750
7215
12710
17825
7105
15463
14139
12508
15225
8924
9363
19256
5675
6330
8724
15443
14962
5963
8599
12016
5476
3658
11474
10021
307
12180
8447
4248
8116
11948
16387
12123
12304
7347
5127
16406
18599
5005
6767
8471
15594
14148
6481
6535
10479
14557
10413
3516
5768
15361
10895
19864
271
18779
18021
14329
19286
3129
15699
13321
3738
3319
17303
2380
14590
5916
7977
19557
7595
12541
7989
3417
11231
372
15061
13927
14131
13469
8598
3601
1081
8282
18357
423
11488
7104
19863
189
17053
16275
12502
17142
14079
4291
13082
12262
2006
10762
384
16684
650
15859
16807
2164
11254
10615
15967
12460
1998
924
18722
14006
7876
853
10072
16058
12756
13189
6563
5806
497
1286
14526
5890
10223
8626
15770
14404
6388
4217
536
16596
1582
7397
19103
12233
2777
13774
11327
8464
346
3568
4841
9231
14805
5378
10278
12433
12812
18438
230
7338
14537
19744
19847
13626
2555
3371
16440
745
6387
2043
6198
19558
2460
9012
17765
8760
7110
7032
19670
2464
19550
5360
3803
15383
6728
14273
8382
12918
1928
3206
8320
19713
9274
8161
12905
7863
5651
143
7807
7454
16478
13744
758
7717
3440
9048
11621
17409
5239
8373
587
4089
1973
6115
5264
13754
9714
4685
9307
13466
11540
8758
4403
7427
16352
14215
13603
4161
6601
8051
3291
8124
16378
19853
10525
15638
13425
17027
3893
15974
1316
18077
14207
18861
18390
10786
19786
11313
17010
9991
12609
7256
14028
8560
9693
1972
18482
17635
2250
16124
3028
12827
9466
10472
9215
15845
12514
7380
6039
19954
6604
4883
1868
13439
16035
7612
5984
6630
2563
14788
1421
15588
14870
5343
1858
14831
10389
4069
10998
18343
17939
15566
5979
7000
4689
16989
12204
9836
17608
7781
18067
4194
13595
12525
540
12962
14843
6730
8692
2463
6652
17250
4169
19428
3820
6661
17231
8204
644
15
19513
7204
17246
16229
7855
9292
17872
9617
17642
19118
1176
3638
10147
6855
3839
13833
4111
12745
16996
5188
10993
15791
12777
6
15601
13565
9276
10570
12329
720
15123
2236
15699
14577
1200
11930
7150
815
10383
8728
4540
4859
16487
9180
6799
915
13221
3348
322
14259
12424
11986
19133
3192
11639
14421
11235
18344
12495
13304
4034
1592
5506
2616
5282
10301
7558
14815
5836
135
9030
5317
221
19952
8433
19680
15772
13667
13671
3153
19904
8574
3397
1657
9536
11352
9416
17695
4145
11199
14846
9780
15214
15893
5410
19286
18495
15368
3455
609
881
4075
19564
14377
6349
305
1240
3011
12327
4346
7895
10706
15287
19966
16933
12705
14546
10619
6441
6459
13324
5397
19228
19947
16792
15456
18912
4150
11945
13382
2972
10988
6856
15011
12242
1289
15968
2548
12201
2131
1324
12082
17413
18126
19094
3824
11433
10990
19311
17946
14976
5167
5510
4396
9462
4494
4467
16863
10419
16272
12574
11453
1073
8566
16053
14974
8436
9482
2126
13635
13600
15322
7343
10636
2497
10380
13922
18250
15555
2204
8399
17970
6698
379
15858
8979
4131
12875
934
17776
2894
5269
11837
3404
1470
10621
4344
5057
8597
17515
15027
7298
14136
4499
7367
5721
6072
12291
8600
3721
5347
749
19960
4570
8464
14073
1436
17268
1284
16324
8151
5100
11491
11999
12146
18395
1290
17909
6426
19423
6461
12826
15027
15245
15034
1395
19790
9995
9897
10078
13347
18642
15589
13992
9338
11007
15917
815
15227
14909
7150
11401
12946
5110
363
17855
11978
19192
12974
1823
9632
326
10751
19456
18647
14810
2283
9720
12414
334
7076
12444
1914
8688
194
14099
7934
18209
6312
12610
7972
9454
250
7518
7405
15593
11590
19949
8597
4186
2636
10007
16473
3256
10884
18880
7221
4664
11391
16382
6033
6468
13229
10348
11160
1414
10185
6875
18261
15874
12611
5345
14692
9492
13228
1963
9190
18273
7288
9880
11881
5122
14859
16892
286
11873
15315
296
18121
12715
11102
7446
14662
7154
10063
1101
13117
11764
13189
14389
9373
12601
3651
14798
679
7469
16168
8705
14811
10146
4349
12957
2635
15603
1896
3488
4976
3191
10084
359
3612
12122
10757
18793
18673
3204
19311
12993
16010
13556
5648
17586
10431
9479
4028
645
2659
1058
729
9081
10116
12191
4536
1300
3333
4142
17109
11012
16996
7628
19234
4800
17222
10061
18433
16231
15806
9951
13972
10167
14766
4265
5842
4971
11912
5578
5369
118
2143
2392
14959
4958
15320
4240
14241
14262
15764
9972
9715
1656
15968
11433
12350
1365
9385
6046
992
7397
11892
19922
9096
9549
10047
3902
19917
1419
12134
894
4205
3242
14860
12405
6068
2765
13760
7574
17975
13387
10125
13770
8228
14462
1928
1192
15068
9438
18775
2056
4890
2944
18239
18700
6536
10005
12301
7860
2221
17373
15982
4499
16793
15325
8141
3409
16568
12417
7705
15687
1787
11699
452
17857
11584
10999
892
4120
8377
4942
4169
18547
4985
4725
5373
19772
2510
13083
16725
9085
2485
3264
377
8042
13177
12528
17512
4334
5063
6574
6506
546
17422
6250
646
6951
19156
18542
2043
8982
15484
12295
17020
2104
6900
16928
4780
13192
17437
1680
15933
6186
14406
7716
12610
5770
7992
7762
9447
7609
18418
12664
18281
2108
2307
1910
10079
517
1165
3223
3278
17401
8681
15527
4808
487
16834
2641
3825
10362
16829
9811
13388
4633
11799
4972
12990
15389
14396
8657
14469
2092
10007
13249
11214
16422
6890
4228
8692
9099
13332
12517
13876
19302
9215
1167
11534
12301
17274
11295
2510
2786
7150
7829
19195
6724
8205
3551
15708
3291
9123
15837
16077
18293
19377
4686
15651
11659
7169
9576
4657
10363
4345
17396
3682
7245
18570
17646
13917
1856
7460
2668
15560
18651
331
8461
2055
19632
792
9241
19279
14106
3197
5686
13925
12889
2693
3086
19514
13797
1792
11362
3922
17211
5487
12798
14754
815
14560
4921
5504
15499
10239
7528
6348
19690
11891
1210
15559
12110
16128
12595
14205
4988
2049
10470
19496
9718
19718
2468
17824
17665
8920
15606
16821
18676
19080
11678
5106
17295
10896
1943
16423
10577
2073
7084
18626
5343
7394
14146
2837
15514
11630
15603
9361
1737
9129
12847
8916
583
12179
12559
3291
13654
15560
7591
1270
13502
863
798
5494
11699
15272
10555
19899
16100
15417
14748
7111
18007
14633
13263
13353
3411
2828
2774
1434
4721
7652
8393
11187
14356
18355
1682
18400
17152
19202
14834
3387
15273
18848
9077
12384
4576
5789
9113
14226
342
1892
17893
851
1470
10166
881
11876
11885
8848
7248
5297
12221
9287
13887
5691
13632
3041
5804
1588
12144
16045
15084
4536
17798
17651
14891
18238
5166
17524
11656
6163
7464
16008
12407
13563
9003
10927
11345
852
12553
9155
7556
16513
5094
5713
11342
17627
1152
11331
7834
14704
7674
18461
9275
5085
17404
13159
18750
9125
1207
3286
3020
15060
19936
12109
5786
18385
705
10751
7259
5631
11779
1266
17478
4145
8095
7826
6470
12795
6093
16811
1338
7742
15317
2362
8975
4558
14679
18895
14577
4395
19452
8216
9424
3902
9504
19839
6150
3244
1111
2853
237
19223
633
19443
19023
19877
6146
16470
794
12429
15036
54
6572
16406
2874
641
19128
3374
8521
8547
14189
230
6460
2747
4123
6999
18360
8014
11791
5020
19079
4103
9084
14617
4852
815
12280
15605
9994
19856
6542
7101
10519
5727
11217
18261
3503
18600
8929
12648
4691
5992
17265
8850
6515
12987
10419
6702
5316
5623
5079
5907
9095
4146
9304
9128
10460
439
100
5025
3717
2512
9252
14413
18733
17462
15781
2153
13636
9570
3772
6332
6770
5355
12766
820
5873
5285
170
3185
10599
13517
14380
9623
7887
15118
2037
7370
6362
13066
8453
4279
5110
12093
7928
9412
12591
15634
16884
17230
19328
14653
10030
9750
1085
19003
12959
18794
19445
2096
12742
4970
16025
15729
10853
15763
18954
6647
7923
17500
6918
7441
11294
6630
9523
12344
14284
7966
628
1533
1885
6939
11647
19307
17967
17405
6814
14423
16176
10402
669
9521
4874
14806
9621
10587
14162
11634
8724
3671
13968
19099
9229
16597
10761
14656
14106
1047
7933
11506
9185
5301
13564
18486
15093
12085
2283
10854
1591
9894
1168
18681
17647
9938
15024
16286
3035
17382
11286
2079
10685
1694
2444
15338
4454
19218
9786
15786
18796
8408
12385
4061
8584
10230
6121
16333
11538
18743
17404
1468
5433
7016
11083
5101
11581
14533
4489
9750
2517
4096
9570
2886
17593
17680
10763
17135
3658
14778
5494
3250
5919
12884
7780
2781
11629
8705
16166
17825
173
12405
11204
5117
13568
19130
18511
1598
12523
9389
11995
5017
14133
7170
18536
1110
6604
8400
19087
18061
3396
14295
15624
2620
13925
8332
5728
10111
8966
12430
2698
3049
17019
3714
3499
7188
18379
19176
17839
8005
15361
18442
13491
19251
19329
8316
4834
19765
13844
906
16575
1667
17780
16237
17510
19960
8223
14222
8546
8085
5418
11025
6295
10251
3679
990
10535
5954
15783
4427
4094
6033
639
1874
1017
7029
287
13161
9552
1579
11442
9666
11989
9914
799
6016
18983
12655
3246
15173
3809
8863
13062
14918
16837
17854
9149
9675
9190
18403
18813
19330
14316
19403
10593
4885
10399
17905
8039
10028
16324
18567
9303
17818
8766
6848
10889
10321
1063
16057
6296
18062
17714
18463
2562
11637
9168
2392
16793
13816
19775
12401
8068
3758
13100
12051
2850
2757
2362
6136
16873
15260
7547
15535
13914
7789
13060
6014
6894
10326
18282
3418
1992
1483
16021
1983
4015
15464
15243
4650
13907
10316
10570
5135
19339
16069
18547
8461
1191
14444
14201
9783
18205
4508
7882
1575
18830
9210
11218
6429
9885
19409
8629
1164
8804
7491
5370
10945
14525
12090
4763
8179
16907
4330
16844
8996
18180
17259
1704
4408
1905
16049
17470
14862
13579
16269
279
15260
5881
9239
14922
17798
18836
13546
15607
2905
7811
6847
18855
11960
8466
15594
673
4940
17640
14629
2964
12298
16201
1604
4712
1485
7410
5703
8308
4838
15830
3332
17341
480
10966
4801
12097
815
4296
8207
4802
15805
12753
19974
5720
15197
8105
4200
18848
3074
2089
12427
17419
2389
15983
12736
3514
6422
9039
15033
7110
8123
1026
5875
9557
17637
4344
17406
4281
19442
10317
17168
4428
10733
7238
2763
15080
1980
4411
16290
8758
7033
13507
1688
9289
13238
15713
18287
12534
790
16496
5581
14496
9545
2472
17725
5993
8054
13976
8365
919
16053
12696
2288
15689
2934
13718
3055
16069
14643
10582
3516
19373
8861
18227
19471
2344
10331
14827
12882
1715
15069
19599
7595
5635
4834
16546
7556
5763
7000
1003
7291
2974
18666
7221
9613
8573
12189
13859
3461
14670
3462
193
1626
17255
4869
3941
16770
14224
3020
8809
11728
10411
14788
17223
9023
15427
9665
5055
15565
14515
14301
708
9387
5251
9824
17847
17836
19207
16814
15873
11388
13667
1787
17960
10964
2787
15550
15561
4784
17544
13639
15396
5079
6904
3875
15156
10420
5062
16075
6478
10706
16658
4600
2847
2230
8434
980
13217
348
15716
3095
8259
9392
6210
12882
11864
8090
9874
7403
10488
2843
16789
14104
12006
512
19177
4798
16405
8764
4538
17690
7606
9095
1371
691
8796
3211
15796
17382
5575
19440
1095
2265
10974
6796
5209
12934
3598
13987
3013
1519
7498
18955
15543
17989
11784
2652
16582
10854
2801
8974
10677
12322
4462
5258
18065
9003
3298
18944
8053
3206
2062
2985
17891
3166
16502
6186
5462
6414
10497
10464
9851
19607
6265
12263
15342
12360
16801
11795
12341
11405
5002
16905
11817
14881
7690
15671
7710
19627
7939
5564
8481
6235
19739
7496
4587
10588
10182
1695
13670
5288
6372
17716
10271
5341
16140
5285
18559
18912
15239
472
14962
5471
1678
13980
14781
11693
2136
18620
12187
3924
3097
12410
11526
3001
18986
3097
3745
13973
7470
13324
2891
12648
9776
10943
4362
4650
9722
6627
4612
2225
5689
11486
15850
18428
17023
2262
15402
18116
19362
12049
18369
15796
8727
15952
13378
13743
12457
1852
14073
7682
9199
8882
5994
3080
19775
8593
14058
13884
6797
11380
6185
6352
19421
3779
7389
3623
13819
14559
12805
14938
15092
16504
6402
16966
6541
5342
12959
6002
1461
16673
12485
3986
7954
7379
10377
13617
13540
12713
5382
2288
15758
8559
12408
12894
17797
5733
11211
17448
1578
5855
8478
5155
10632
18730
19088
3859
9622
19381
11184
17621
17316
4433
10700
689
3121
19303
15486
745
2096
7753
18614
11534
14367
4207
12927
19983
5352
15687
5841
10920
15257
5716
10639
12996
10104
19146
7081
12983
16457
8489
6451
15324
9877
9259
5039
15127
18098
3703
14858
6833
3452
9125
957
16690
5590
13382
8184
4217
5407
13663
6382
16355
1321
9276
12774
6498
2395
17768
9670
1316
17069
18829
12757
17588
120
10989
9519
18776
16323
16567
13979
17601
8960
795
6950
6873
10367
14339
17967
14610
16712
16243
15195
11688
3503
17725
4702
9600
19315
19923
8907
12317
15689
12616
5804
6433
4663
12848
15062
2879
8917
516
3790
9591
3959
9983
7650
11211
2820
3074
7698
16121
6965
15163
11388
17093
2276
18865
8675
18687
1674
14397
2351
3765
3748
19326
18277
18588
2687
11435
15213
10685
9241
17375
18888
15833
10345
2933
321
1617
6295
14861
7052
7821
2305
14639
12310
2130
1384
4383
7831
8227
6149
10606
15643
5454
10903
7359
11715
4796
14673
221
17989
3766
12963
7048
4925
5659
3783
3252
6800
5446
8255
19942
1406
6058
261
17042
7505
2003
10023
1292
8187
16471
8917
6407
6203
6595
10242
997
777
3449
12123
1297
10744
14
5275
15879
14223
220
10063
35
16989
12362
6777
8044
4603
9579
11700
13521
19689
17836
13386
13859
10072
1825
6413
13468
5426
1377
15038
18894
8548
6834
10911
4224
15936
16495
19950
19540
6108
911
15490
10292
19579
8492
5746
313
4083
5295
18739
1328
3095
17876
19019
15065
11854
7755
19492
3097
6702
6079
19694
16391
4353
19078
10063
2226
12818
18450
16564
13011
7835
9242
1445
19391
5764
8948
1899
18912
12620
6897
12260
6202
5224
7197
2622
17617
8849
17958
18471
4441
15808
12590
16252
11639
16613
1975
2271
1042
14974
15911
13975
7678
16712
17573
16512
5830
8008
1660
8806
18801
15173
17630
4559
7945
4328
4638
2722
85
8538
11404
14389
9215
12477
18312
3981
4916
8401
11758
10183
10333
5853
241
19816
12343
12739
12968
4476
19650
18990
9963
18087
7646
1850
17918
5668
6884
5777
6743
4151
11751
6232
19035
13166
3475
11449
7658
12612
11970
515
12167
8798
15920
9410
7421
19428
17170
19513
19014
565
18454
15473
821
13453
13233
6256
17553
7864
11567
16723
10219
13299
10331
12944
6620
16649
16970
14583
10497
9793
11254
406
17267
12822
2682
14610
19648
6486
8486
8099
16891
6778
11548
1800
9192
2960
538
13430
6636
19100
18216
12586
7971
15801
13780
11417
6495
1281
8069
19977
5470
4829
2092
12244
8979
3613
19752
16905
19637
8926
6593
13670
7781
18567
9163
8477
3142
762
6446
1700
3500
7449
11256
7427
791
9093
19992
19370
5740
10917
18201
12255
10098
4390
16308
3148
3469
5396
14504
16561
360
4541
15486
7706
15037
3288
15121
2367
12469
15210
1936
13357
13930
11596
4464
9054
12098
16919
17093
7113
1913
15892
17773
16015
4929
14279
15259
10631
4343
13428
12640
462
9871
15884
3408
15500
12796
15894
13036
15162
1566
6662
13597
14158
3787
7307
5874
9696
17615
10475
11084
11233
8245
19531
4029
14217
2677
17254
17273
3314
3070
4744
18837
15302
10565
11201
18263
7713
17982
18698
206
4100
12777
12706
659
14968
10042
6916
5914
654
9842
17064
11966
11127
3550
1291
19815
11540
10844
4900
15277
9008
1429
5101
2686
13884
10776
12431
4969
698
8624
2904
8881
18326
18957
323
18789
14343
16035
5755
6013
1017
8793
6823
6781
2616
11804
14078
19267
2797
10902
7002
1765
1156
16635
14303
17044
11932
12283
8370
9451
13703
18430
470
19772
7855
8235
6871
12742
17811
6198
13843
1395
4134
3784
2449
4647
17499
3371
11699
3565
3510
8613
5697
9271
1619
15518
2352
16369
7573
8898
6047
19638
12497
8328
3140
11781
11362
5816
8218
5540
11953
5868
4207
10991
6840
4668
13138
6419
6518
5970
18161
7646
7789
8283
9310
19905
4910
16133
6812
12904
3046
11174
13922
4509
17164
16396
15746
17607
13660
16526
232
17977
11824
5814
10930
19204
15389
15932
8925
15613
11336
10494
14659
12800
9217
15221
8021
12070
14478
13550
17626
8620
13344
5262
890
9781
7733
378
3643
8231
14942
6696
19809
2797
13054
8957
1575
18808
7793
16760
17363
13628
16194
9338
7704
3826
17832
4167
15758
6566
9232
2715
12700
2511
14135
12696
17660
12884
5936
19682
12075
14920
9412
15075
9524
8441
8782
6466
14985
16785
11598
18837
15577
13216
10526
5733
9434
5640
15239
6115
8147
13488
525
12396
5366
3162
11502
18296
9474
15808
9279
17458
1199
16213
19391
2310
19790
1331
19432
12936
18983
2090
14770
1846
14255
3715
11636
1649
3402
7890
18491
6066
5278
18377
14746
8832
360
5296
9640
19011
1015
11753
16743
11369
11497
2684
9475
2472
18971
18661
19684
19928
16465
8602
840
5325
8210
19389
14735
12983
4390
4902
6802
10695
10126
13484
460
7092
7691
17661
2280
5930
2073
7640
8539
1190
19937
14633
8530
18317
15240
9504
1209
17061
11303
4791
522
3623
987
2504
6795
3463
18445
8331
10258
13364
14204
8871
5623
5255
259
18043
18860
968
4685
12932
4045
14458
18449
10010
4111
8543
7568
11086
7060
16248
17963
17399
14921
7304
3700
225
17207
13196
17880
3524
5852
3902
979
11225
8172
4227
8424
6661
16197
698
16795
10285
10241
15296
19115
13815
12513
5409
3878
14669
12521
13879
1720
3929
3567
6547
2868
11248
17597
7320
9122
15301
723
7614
17455
4831
7515
10577
3262
19181
6903
17168
8698
9850
345
3031
11800
2521
9306
16596
7084
836
17536
9470
430
11141
13895
5769
11260
18813
15914
11554
1964
8223
15920
13994
1443
8633
6088
2008
12499
13136
15798
15206
8276
18016
8581
15812
10145
13650
2764
7305
2867
6224
9989
147
435
19756
11715
17495
17013
7123
5168
17252
206
15092
12241
7554
18667
325
14965
1853
1229
10986
2581
7221
13930
16876
12643
13111
7792
19530
4648
11286
13752
2014
472
17096
10634
5776
9082
3786
3028
10604
19505
2586
16653
6658
5417
19205
6330
9931
5708
1604
5500
9596
16434
14436
7323
3676
6459
17304
17282
7586
14832
18200
3006
1578
16476
19626
10612
14305
7486
7304
8428
17243
18655
10560
5528
17528
18036
573
755
8387
6662
3046
9041
12240
1727
3697
4791
4278
11497
10203
10813
11880
11032
19254
8864
6978
18229
2195
89
7788
2440
15085
15356
16738
13845
4013
9571
105
12782
13866
15132
18472
18483
1433
14432
13026
8962
5382
17164
12269
14426
18024
4457
6757
13724
2012
12632
19836
7415
12057
7909
16746
6111
19200
19376
9186
5905
4431
15315
15953
19562
2809
9929
5871
10199
10990
9701
11765
14663
16407
7032
12840
15300
19041
16500
13607
9898
16921
3313
8363
9011
12930
11129
6307
12011
9336
12052
12271
17529
19929
18487
12666
12687
1366
2169
10883
10509
11805
15085
9618
4317
2475
5568
7766
14559
15905
13402
18333
12653
14910
4562
15948
17620
15089
6494
5431
12855
9614
9017
4274
13835
11532
11464
7007
1011
13766
687
9238
16098
17622
16566
11957
11057
15998
11516
3566
16224
501
16202
3801
14258
1046
6404
8151
866
9623
12942
4280
4326
13726
302
7666
18007
14423
2299
10950
9776
12661
18362
4593
17471
8191
2866
12363
19776
2265
11573
4963
13596
12736
7679
9820
12811
19144
3089
15607
14832
19931
19755
16633
16920
18247
16205
2127
1388
16632
15729
10008
18615
8461
12928
4487
1743
8693
16517
4360
5007
14114
17134
5863
11804
4661
5385
11568
17261
460
9446
10620
2545
15524
12844
4422
12006
15719
9993
449
19199
7156
758
11934
7813
10311
11192
18663
14500
7284
6352
13681
16950
3005
8296
16544
3353
11603
16546
10313
19537
2002
13535
14507
12097
16639
17161
17242
1880
1711
10049
15012
14171
1119
6457
6499
2808
19206
10270
13836
15129
14103
4598
309
19567
8376
13437
16161
17622
2298
15143
16822
4225
14197
3370
13810
17344
4590
18207
16834
5352
19090
13678
17338
13616
15554
14030
8645
12399
3142
2172
18096
6045
10930
1058
10576
485
16452
7970
17644
16421
5920
18933
15335
15181
2306
18659
3915
1291
13468
18218
2382
11864
4540
14951
7690
18003
212
16
19696
9225
1871
11853
9509
12232
9133
11572
19411
11394
15585
15009
5007
6645
7104
16997
14706
14615
15705
492
5713
15160
5534
13080
823
13611
5270
16474
18668
14489
15055
6931
11343
16025
11528
11651
18059
17195
9372
14579
17122
1671
13026
17441
8796
3641
5379
2613
7963
11490
8011
27
18205
7163
6974
407
15926
14944
8880
1865
303
17102
18950
17160
16557
9028
2780
4747
5022
19393
1664
9102
8774
11361
14929
17254
17557
1816
13773
2518
19994
5325
16251
19622
18249
2651
7401
18765
13441
15581
8397
14854
14663
3382
14669
5184
6461
17165
8463
6270
8380
13406
17478
4019
11803
5249
9012
3011
4347
2124
16456
4434
6411
15845
17344
100
1775
841
11787
1943
14140
19667
3477
18842
8780
14511
11476
16261
9883
13723
13791
10369
11262
19834
19608
2944
15952
13684
10067
4885
6447
17424
16855
6800
4595
15417
18845
3130
1801
14719
19816
8974
16436
10908
7875
5363
11083
13183
926
19962
6108
15535
11069
1644
13314
17550
5808
14705
16099
1590
17056
1922
10339
19832
11000
6029
6416
8531
11250
11147
5080
4485
14931
14778
247
15803
4563
18170
563
8099
5317
19827
12466
660
980
10636
19623
16515
4597
9775
9311
8800
6509
19727
14983
10825
669
11122
9221
10157
2028
5430
259
10336
11916
10211
16314
17805
12933
15499
14957
9766
14180
13743
7385
4377
2892
10875
14688
12015
14925
15577
17141
408
19282
12319
2673
10449
17761
15084
15030
19932
6152
1509
2645
11545
13032
16706
10140
14363
19865
7057
3827
231
13074
8931
703
14541
17864
12237
4367
1872
6792
19416
11004
16819
15540
4569
1411
1347
15285
7799
11200
17896
12231
3450
8330
5487
19197
19790
19058
3067
19822
9181
10017
15567
8526
4633
15033
15280
15371
4092
3507
5112
4202
14126
14808
873
14754
9549
4324
5224
5303
6935
14315
6949
4890
14858
9881
16606
13636
13513
13372
12208
13379
6117
11287
12810
9564
5485
11747
18181
6623
6484
14862
19638
1595
16353
5722
17661
8460
1149
12643
14679
1559
2060
10884
14921
18013
2616
8514
13432
7302
14762
15214
7975
7090
4115
3160
18340
17132
6078
2080
2803
11606
2123
6174
9239
8704
19166
13428
9848
2613
1237
10155
13705
19882
4628
11434
19735
16831
13178
15282
1311
888
137
16030
1140
17302
1284
540
629
612
5474
13473
7777
18014
4579
10609
13580
15926
1405
2613
16616
5235
11244
13402
1038
4266
9809
5266
1146
14637
6092
4342
6351
6329
5040
15800
1919
2701
10694
15072
14332
8888
3863
7812
18361
12457
4436
15580
15776
7637
11773
31
8786
2425
7794
1587
11584
5738
4727
10573
3507
18292
19220
18863
19289
10492
10089
19032
6178
18245
4723
16281
1115
18483
1950
12157
19078
3245
15843
8618
9624
7352
3646
14555
18865
3728
5878
11766
9651
12130
11490
8990
11610
101
12939
1820
19554
12622
17582
3047
3911
5006
8636
17468
11615
2906
10677
6089
14034
19437
2867
3525
8952
3205
16277
15218
6781
11291
18796
7304
19618
15151
2101
11004
4197
10175
9865
13421
6564
1212
15699
3935
9212
6754
16084
11518
6181
7560
9695
19250
5342
7477
4815
12362
6282
17897
3065
10009
9497
19012
16410
6762
15430
16777
19740
4820
2706
8077
12371
4335
1007
15385
4034
17649
9068
6868
10552
18740
18883
7804
18137
10608
6758
4518
2420
14931
18785
10086
19507
19358
3786
12857
12336
3155
8668
10711
5348
5210
5583
15003
5533
17788
8098
3319
1037
19479
13898
14551
12093
19518
19878
15606
10300
15687
17458
9122
2987
903
17163
14017
4213
13998
9824
16530
11023
2539
13560
8095
4900
667
14054
16841
6890
7775
4682
14209
330
4569
6614
12612
12502
19152
12856
11048
1255
11285
9108
3126
3874
11200
17648
1356
3066
6157
7151
19336
12097
7113
6616
15338
11839
694
14137
3296
17320
17284
8060
2320
9528
9129
15051
2674
17633
15727
1562
16988
7578
654
2962
11386
14890
10374
1006
12243
14362
1808
5409
14933
2450
1277
5920
19594
4927
16965
1485
4156
16220
11742
13936
10340
11853
12701
11493
18481
1891
8346
8704
18199
17175
15190
8046
5893
16012
5485
6006
11806
15103
12754
7081
19173
16610
12511
5197
16850
8883
5540
4063
14336
10707
7087
19333
14541
1078
7355
4780
3641
17089
11176
12608
13121
8551
18245
15388
9778
6672
12627
16341
3309
2296
11691
4396
9189
2593
3200
9090
5549
4894
17795
9502
15530
5020
16684
16757
11567
1492
3313
14384
14059
12509
390
19595
5913
2013
5213
2782
18331
11363
12774
1429
18851
8575
11267
9467
8797
7805
6061
10675
18416
7502
6095
1287
13517
17591
17586
3341
17927
19641
7185
19446
12144
2374
8332
4582
15933
17612
13989
2073
5842
3490
7415
15581
1269
17312
17290
992
11135
17093
12268
2518
12211
10329
14579
10501
12841
8909
9301
3645
17412
14497
15220
10924
4020
19575
4509
12080
11609
5595
16753
2153
9694
7700
5239
5284
7134
4697
9187
4158
5148
1851
17729
15762
10005
13377
4646
12636
12189
4778
12756
6848
5348
2752
13664
8643
19286
7814
2103
17335
2411
14448
6078
8102
16459
6043
17549
9066
27
460
17798
15114
6218
13577
2543
13631
11315
10637
6585
1839
18968
8119
14532
10287
13870
510
14929
10216
13234
16709
11255
11966
18844
8799
19442
14883
2644
1209
5114
10919
451
5214
17149
109
11184
14023
10202
10790
656
18600
15503
19869
12558
7809
9362
10398
13790
16766
2486
2332
16333
9353
7664
15640
7601
6724
3471
16065
14581
6804
2432
1486
2187
17128
10401
3884
953
6998
2858
17382
8497
11304
14528
5544
17821
17619
11497
363
14520
5615
2922
15187
11526
6221
11613
7194
11405
11342
3109
19940
4321
15371
12211
9690
10289
16063
5866
17513
8995
11124
16570
6257
10764
5435
8449
9555
7015
14407
9444
9139
769
7020
3079
19844
11197
18686
14951
9643
11275
15282
8039
17147
6187
16862
19946
15792
14852
4322
7278
9968
6018
10148
7146
7411
17237
4556
8286
15076
8566
1412
4335
9867
16479
19339
19788
5345
2032
9730
19574
3812
14564
15374
9024
12162
10434
6140
18601
8963
14514
10533
18108
8548
5629
3813
9899
1008
9405
7531
19511
16203
8874
2674
14067
15455
2821
14651
6847
10321
161
221
2137
11301
14539
6228
2216
14904
5723
5449
13368
1575
15115
14311
8428
5963
7240
10083
13959
10422
5662
6506
1120
12281
1294
1057
2780
17908
2023
16653
3490
11887
5715
3769
18208
10752
820
721
5759
17824
2697
17811
18533
13005
7291
8319
9714
18949
16803
15786
9227
12992
3571
600
17205
16854
15092
11514
3607
17861
2867
6534
4961
14193
12794
2616
9819
16988
6440
12447
3764
436
15503
12067
10083
15962
19477
567
5885
4955
3791
2942
3785
13606
19437
13415
18646
16254
17968
9880
12607
15113
4765
3963
6025
4552
7550
14088
19758
6455
19679
6918
12332
10414
3007
7682
10754
8782
13353
231
6360
13941
6626
19996
12139
4384
8058
3665
7857
3871
7255
3332
18568
500
11305
18100
10634
370
7014
6277
12907
14358
5279
7616
5359
22
2289
3842
2946
15800
6257
13149
553
15343
14669
19488
18021
14727
17340
12812
12307
14826
17951
8722
11254
2104
18875
18018
11027
1305
15977
471
3229
18465
4035
4184
5114
3650
4883
15076
14783
1867
928
4870
11792
15804
6211
14066
16133
19708
8446
8424
1749
19950
6831
12096
53
6420
10021
14859
19030
18478
10016
8148
333
3970
7513
18402
14544
11576
13430
18216
8407
7153
12205
3279
14172
2416
11941
18310
5302
6641
17835
11969
5772
7688
10819
19823
4923
2266
1672
3981
19374
9953
7602
18097
11710
486
14989
17891
3871
16025
6319
15292
18771
12931
4230
14639
4748
14722
7796
3310
12002
19169
8740
11529
16859
9532
4735
2177
76
5294
17168
7216
2027
12942
10439
10327
8870
8098
18184
947
15578
5405
12215
10711
5032
5874
10559
15575
1732
6021
6931
12673
5419
18987
16537
16431
6644
12905
1964
9163
4783
4261
2654
18822
15444
8422
3052
18417
2692
3433
18973
260
1894
7250
15305
10273
17398
6089
205
13714
1050
9032
14481
8915
12859
109
11999
14968
10223
1290
2845
15733
14569
6453
14498
10604
2704
3773
7810
13545
15381
11492
11357
5137
19734
11889
4570
7866
9296
2459
2789
10486
16002
13758
1999
15207
9644
4587
4490
8887
13734
17281
18027
9442
15409
4362
11955
3015
13
18029
7330
12123
3877
19719
11219
13426
11841
840
16096
5383
5462
10229
12425
18408
1307
13512
1646
19818
16607
8321
16784
14258
17419
5173
19324
8660
11327
8166
19631
8574
7508
10380
9868
7488
8429
101
9979
4812
5818
17551
7924
8846
4968
5703
1549
493
2258
15783
2222
1095
2039
19264
7736
6277
252
13900
1152
15046
7043
8295
14905
19922
18144
16192
3158
13124
13176
432
9176
19771
915
8766
870
11852
17788
11282
18916
16674
9484
13597
14882
14872
10454
10896
5455
6973
2376
434
8122
15768
5364
5006
2377
15858
15087
1378
12514
13818
2384
14978
4859
4241
3308
746
17511
8298
19368
504
7987
7171
11320
10214
8854
16570
15290
989
2571
19369
18271
3455
15737
2793
4966
2198
3920
14692
5611
10505
8121
15958
10302
9256
9717
17658
4387
354
14492
9604
17662
3462
19395
12074
4218
327
13304
6812
11832
16560
8143
9517
3435
1692
13645
14168
15655
9643
14898
3505
9827
12627
17296
19409
6856
19760
6864
8201
11470
1181
1255
16946
8219
6718
17709
3035
1081
7375
419
3362
16585
15987
13534
6633
10503
18945
16164
18012
19851
2153
9246
9990
15420
9281
4707
18235
18668
16694
10622
4576
9930
9183
9767
1910
1307
19635
8584
6284
8791
1462
18571
6550
2181
19930
7989
3612
15336
10461
5015
15993
141
10229
1780
16345
19060
3083
15115
10407
9080
7423
15484
1023
7131
657
7431
17799
4697
9083
16986
8959
19153
4685
3939
17709
14554
1138
19024
10869
1340
4961
14563
14990
3322
12118
13463
9636
807
16163
10331
4137
2861
4183
10816
3059
3792
15810
2731
7747
11018
6876
15025
384
8978
3606
4465
17641
18898
5892
6225
8691
2059
13135
1897
18877
3292
7485
6883
12268
10296
7023
17281
16206
6923
13780
9042
2544
8435
16468
2985
14209
18018
18619
12838
9346
3875
4311
6166
15448
480
12000
17053
7185
18019
911
9066
7884
6708
7836
8589
6511
11039
15052
14751
8393
18084
8479
11711
7853
6713
12108
5968
7587
11008
2873
8862
790
4877
1936
15487
6944
3083
8965
10200
4175
12377
15235
14998
9829
6965
2554
11597
4941
1226
17034
7686
10993
17679
10134
17814
17787
17387
1736
8117
15228
4550
18718
1589
8737
6151
18066
1375
1005
18203
10443
18643
12716
8113
6915
4078
12431
8798
10674
18605
18622
7541
14687
16491
18113
10929
569
8605
4282
15743
561
3649
18684
14946
11224
11699
4474
6387
16633
6345
6143
10686
7643
2069
18377
12485
18690
5428
2099
8060
16538
1480
6774
9732
16547
17150
16533
1629
12219
17097
13257
9520
4671
16769
8428
16035
12936
10866
6690
19310
12391
3045
13429
15469
15303
8185
8614
4504
14653
9629
1309
19719
18241
17929
16739
1513
7449
11875
752
7333
450
14389
4430
14562
286
17161
924
5166
12056
5432
3419
8758
7361
7592
6361
4877
12856
5016
16394
12264
750
9007
14690
529
2980
19969
7958
12589
12745
15912
10282
7037
17170
14173
11861
19637
18007
2106
3786
8925
724
4869
2881
11068
6856
2745
7118
9577
14172
15305
8696
6908
8219
19186
3859
3093
1865
12651
15366
1901
5945
11365
12810
2160
12739
18438
10954
12626
13556
15672
15948
17216
10233
7694
11547
12009
7739
5189
15751
19477
19398
16966
13812
15964
5756
4973
7514
12009
10024
5699
10470
8806
8382
18376
7158
1074
17871
6152
8120
12293
13717
19761
15648
1318
19849
17552
4285
17652
1129
12290
10141
12668
18922
8749
15618
186
11280
12202
17554
663
12516
9224
11895
9472
11685
14209
17900
3292
11838
13489
13140
15427
18941
5130
14714
6696
9497
14675
4591
16621
13038
6612
4395
12981
18927
13718
1797
5134
1093
1550
17729
11950
19316
5888
5228
15172
12208
10412
19365
6663
14302
18743
2042
5016
8474
16971
461
59
15743
962
12905
18454
19225
13205
646
15666
10816
744
11586
19312
16712
10396
19445
3395
4182
3644
9098
19117
16020
5554
9804
1106
8182
15255
4461
6620
16037
15762
5399
14487
6700
11167
17215
14405
6115
12135
14882
17378
15017
3199
5210
18183
13248
11960
10692
6979
9851
11147
6196
17019
9545
9757
19522
2928
16214
3767
19336
3496
9707
10543
3217
13381
6976
9564
7316
16723
966
7772
7605
7430
7084
19192
19474
10044
13995
439
18486
9786
14764
8794
2306
8069
11824
6210
5429
8407
16681
19544
7846
9360
2016
2952
8997
18166
7707
1764
5602
6954
6720
4020
7166
1742
6256
16171
9013
7885
10299
19431
2128
19474
9087
3100
7396
13924
16880
19671
17895
15618
14595
10514
5756
16748
3109
6706
3021
18153
16276
11407
4187
4637
5893
19558
4096
3194
15180
3040
13961
9905
9634
12176
14113
9782
3823
581
11049
15508
8364
2617
5954
6878
16442
2374
3127
9877
8163
1518
7406
6930
803
4901
13733
2741
2320
9307
4302
5149
15695
15724
5294
9900
8791
11569
11875
18102
6463
224
3114
829
16716
5975
209
8797
10099
327
6897
2996
5732
4019
2633
3502
16946
12660
10843
8284
3729
14933
557
3440
5416
1484
17841
14933
13661
9711
16255
5877
3098
12547
16612
3720
12768
11536
17723
13916
4505
16298
12233
12628
3969
5432
16899
2989
17649
17827
4729
12933
13412
9395
8764
19039
18668
2707
14829
18101
9990
13932
4804
6833
159
15486
15483
17107
6953
13528
9474
4930
149
1986
17511
17608
4218
8841
8920
4605
3328
19700
14867
8835
19638
9849
9310
5257
9240
19345
803
11530
3265
3703
16615
4298
3294
4363
11258
16280
12088
11783
128
14426
1061
9712
5532
8055
2297
10921
8415
18064
12586
9880
7519
13410
1636
7820
6035
18156
14512
11720
9626
1724
12038
274
18822
9587
3076
13211
2206
12268
9156
10861
6571
19714
5441
2871
9912
13671
4152
836
19321
13565
12194
6994
12377
8133
12506
12842
12840
8487
9481
390
16144
10924
18495
19537
17509
2123
4979
8270
7143
702
4410
11960
5451
14091
1597
1223
16580
17562
18162
9224
1342
17204
11376
19854
14946
372
5796
12829
765
12225
3403
5750
7658
14761
9790
14448
8102
19671
13123
6329
5657
289
19797
4834
14949
4088
6700
10539
11915
9575
11535
5335
14378
9705
7526
9913
9488
4029
270
3023
6709
1891
14039
12972
19352
4447
2177
5208
14767
15912
15985
19403
1139
734
1788
18779
1187
16316
292
4790
8913
18633
3027
14415
4564
7050
649
6866
19891
3440
18553
18146
14439
1258
11416
1408
6879
17781
15859
5825
1238
1999
4859
17543
2767
17535
14616
19425
12993
4753
15891
125
6638
5580
3414
6067
16736
284
19887
6234
8983
6827
4773
19430
7204
13066
10166
6494
12592
4000
8355
423
900
5614
3471
1257
5249
3588
4197
10363
18323
14080
17614
13629
17473
15848
13391
13799
14988
13331
7098
5980
3616
19820
2818
19886
17466
11895
5573
13201
3206
452
8167
7829
8525
18765
11993
9367
16081
7027
4298
2574
11556
17855
13830
9623
11686
4738
10126
2291
7500
15038
14527
8058
7496
19575
2296
19056
13005
8873
1897
13962
14303
19619
2582
8084
17203
18944
10305
13798
4859
3250
7211
6796
7276
3534
11410
13712
7991
10872
11291
18913
5021
16465
1851
3932
2016
12387
4923
18581
4452
19050
19528
13032
9898
13165
257
16203
7936
17283
3640
4481
19352
19205
3971
19537
11113
14225
7997
7653
7147
8568
6855
6753
6970
4671
4262
7668
9833
11597
18881
9904
3842
5499
13433
3591
8006
11006
11573
1881
9138
18637
19454
17423
2167
937
14897
8223
15857
3494
7231
11523
1758
4618
7895
15308
15948
13252
19438
17884
3077
2720
13907
1408
3979
16267
11188
13183
536
9644
4310
13959
8972
1876
848
475
15323
7318
5927
11952
10288
8948
3832
4216
12370
47
6875
15189
8935
14803
7191
10339
17086
8125
8776
14680
18564
9967
7287
8262
8723
5164
1535
18580
12315
581
852
13723
6932
15386
10139
16144
2304
2924
5658
9728
16469
9060
14990
1746
14942
18096
5477
3301
16126
2106
8506
9393
2561
4624
11861
16118
14835
2909
19073
1513
4202
19329
15844
2955
11287
8067
6003
335
2906
11121
803
19262
7120
5247
17085
4857
344
5297
116
10461
849
9487
1555
18135
17520
19249
925
4905
4363
16938
5012
5543
5542
2175
3385
3635
158
5863
6499
19021
11401
18152
19933
15922
19594
12053
10707
11377
14928
17177
13374
4011
5894
7495
19499
4646
13558
13503
13473
11576
3535
3460
8025
7505
3582
18812
13912
18148
17840
8332
18790
8773
3116
10260
10622
8701
19431
7722
1970
11925
14759
5681
3666
5727
8461
18402
12686
8601
4076
3603
9931
19124
15876
477
12659
2002
393
10315
11614
13993
5240
565
1902
2506
7854
19457
9200
8795
13310
35
19991
5215
11587
10501
11605
1148
2082
4941
14535
4121
10236
12692
5019
9251
4998
18004
16936
7546
1143
8120
9013
14816
4005
14784
276
2646
12498
5309
15349
11761
2012
13868
18597
17156
19193
1938
11463
4722
13766
9116
4952
12735
